model,2024-07-02 00:00:00,2024-07-03 00:00:00,2024-07-04 00:00:00,2024-07-05 00:00:00,2024-07-06 00:00:00,2024-07-07 00:00:00,2024-07-08 00:00:00,2024-07-09 00:00:00,2024-07-10 00:00:00,2024-07-11 00:00:00,2024-07-12 00:00:00,2024-07-13 00:00:00,2024-07-14 00:00:00,2024-07-15 00:00:00,2024-07-16 00:00:00,2024-07-17 00:00:00,2024-07-18 00:00:00,2024-07-19 00:00:00,2024-07-20 00:00:00,2024-07-21 00:00:00,2024-07-22 00:00:00,2024-07-23 00:00:00,2024-07-24 00:00:00,2024-07-25 00:00:00,2024-07-26 00:00:00,2024-07-27 00:00:00,2024-07-28 00:00:00,2024-07-29 00:00:00,2024-07-30 00:00:00,2024-07-31 00:00:00,2024-08-01 00:00:00,2024-08-02 00:00:00,2024-08-03 00:00:00,2024-08-04 00:00:00,2024-08-05 00:00:00,2024-08-06 00:00:00,2024-08-07 00:00:00,2024-08-08 00:00:00,2024-08-09 00:00:00,2024-08-10 00:00:00,2024-08-11 00:00:00,2024-08-12 00:00:00,2024-08-13 00:00:00,2024-08-14 00:00:00,2024-08-15 00:00:00,2024-08-16 00:00:00,2024-08-17 00:00:00,2024-08-18 00:00:00,2024-08-19 00:00:00,2024-08-20 00:00:00,2024-08-21 00:00:00,2024-08-22 00:00:00,2024-08-23 00:00:00,2024-08-24 00:00:00,2024-08-25 00:00:00,2024-08-26 00:00:00,2024-08-27 00:00:00,2024-08-28 00:00:00,2024-08-29 00:00:00,2024-08-30 00:00:00,2024-08-31 00:00:00,2024-09-01 00:00:00,2024-09-02 00:00:00,2024-09-03 00:00:00,2024-09-04 00:00:00,2024-09-05 00:00:00,2024-09-06 00:00:00,2024-09-07 00:00:00,2024-09-08 00:00:00,2024-09-09 00:00:00,2024-09-10 00:00:00,2024-09-11 00:00:00,2024-09-12 00:00:00,2024-09-13 00:00:00,2024-09-14 00:00:00,2024-09-15 00:00:00,2024-09-16 00:00:00,2024-09-17 00:00:00,2024-09-18 00:00:00,2024-09-19 00:00:00,2024-09-20 00:00:00,2024-09-21 00:00:00,2024-09-22 00:00:00,2024-09-23 00:00:00,2024-09-24 00:00:00,2024-09-25 00:00:00,2024-09-26 00:00:00,2024-09-27 00:00:00,2024-09-28 00:00:00,2024-09-29 00:00:00,2024-09-30 00:00:00,2024-10-01 00:00:00,2024-10-02 00:00:00,2024-10-03 00:00:00,2024-10-04 00:00:00,2024-10-05 00:00:00,2024-10-06 00:00:00,2024-10-07 00:00:00,2024-10-08 00:00:00,2024-10-09 00:00:00,2024-10-10 00:00:00,2024-10-11 00:00:00,2024-10-12 00:00:00,2024-10-13 00:00:00,2024-10-14 00:00:00,2024-10-15 00:00:00,2024-10-16 00:00:00,2024-10-17 00:00:00,2024-10-18 00:00:00,2024-10-19 00:00:00,2024-10-20 00:00:00,2024-10-21 00:00:00,2024-10-22 00:00:00,2024-10-23 00:00:00,2024-10-24 00:00:00,2024-10-25 00:00:00,2024-10-26 00:00:00,2024-10-27 00:00:00,2024-10-28 00:00:00,2024-10-29 00:00:00,2024-10-30 00:00:00,2024-10-31 00:00:00,2024-11-01 00:00:00,2024-11-02 00:00:00,2024-11-03 00:00:00,2024-11-04 00:00:00,2024-11-05 00:00:00,2024-11-06 00:00:00,2024-11-07 00:00:00,2024-11-08 00:00:00,2024-11-09 00:00:00,2024-11-10 00:00:00,2024-11-11 00:00:00,2024-11-12 00:00:00,2024-11-13 00:00:00,2024-11-14 00:00:00,2024-11-15 00:00:00,2024-11-16 00:00:00,2024-11-17 00:00:00,2024-11-18 00:00:00,2024-11-19 00:00:00,2024-11-20 00:00:00,2024-11-21 00:00:00,2024-11-22 00:00:00,2024-11-23 00:00:00,2024-11-24 00:00:00,2024-11-25 00:00:00,2024-11-26 00:00:00,2024-11-27 00:00:00,2024-11-28 00:00:00,2024-11-29 00:00:00,2024-11-30 00:00:00,2024-12-01 00:00:00,2024-12-02 00:00:00,2024-12-03 00:00:00,2024-12-04 00:00:00,2024-12-05 00:00:00,2024-12-06 00:00:00,2024-12-07 00:00:00,2024-12-08 00:00:00,2024-12-09 00:00:00,2024-12-10 00:00:00,2024-12-11 00:00:00,2024-12-12 00:00:00,2024-12-13 00:00:00,2024-12-14 00:00:00,2024-12-15 00:00:00,2024-12-16 00:00:00,2024-12-17 00:00:00,2024-12-18 00:00:00,2024-12-19 00:00:00,2024-12-20 00:00:00,2024-12-21 00:00:00,2024-12-22 00:00:00,2024-12-23 00:00:00,2024-12-24 00:00:00,2024-12-25 00:00:00,2024-12-26 00:00:00,2024-12-27 00:00:00,2024-12-28 00:00:00,2024-12-29 00:00:00,2024-12-30 00:00:00,2024-12-31 00:00:00,2025-01-01 00:00:00,2025-01-02 00:00:00,2025-01-03 00:00:00,2025-01-04 00:00:00,2025-01-05 00:00:00,2025-01-06 00:00:00,2025-01-07 00:00:00,2025-01-08 00:00:00,2025-01-09 00:00:00,2025-01-10 00:00:00,2025-01-11 00:00:00,2025-01-12 00:00:00,2025-01-13 00:00:00,2025-01-14 00:00:00,2025-01-15 00:00:00,2025-01-16 00:00:00,2025-01-17 00:00:00,2025-01-18 00:00:00,2025-01-19 00:00:00,2025-01-20 00:00:00,2025-01-21 00:00:00,2025-01-22 00:00:00,2025-01-23 00:00:00,2025-01-24 00:00:00,2025-01-25 00:00:00,2025-01-26 00:00:00,2025-01-27 00:00:00,2025-01-28 00:00:00,2025-01-29 00:00:00,2025-01-30 00:00:00,2025-01-31 00:00:00,2025-02-01 00:00:00,2025-02-02 00:00:00,2025-02-03 00:00:00,2025-02-04 00:00:00,2025-02-05 00:00:00,2025-02-06 00:00:00,2025-02-07 00:00:00,2025-02-08 00:00:00,2025-02-09 00:00:00,2025-02-10 00:00:00,2025-02-11 00:00:00,2025-02-12 00:00:00,2025-02-13 00:00:00,2025-02-14 00:00:00,2025-02-15 00:00:00,2025-02-16 00:00:00,2025-02-17 00:00:00,2025-02-18 00:00:00,created_at
dima806/fairface_age_image_detection,0.0,0.0,0.0,0.0,0.0,0.0,0.0,0.0,0.0,0.0,0.0,0.0,0.0,0.0,0.0,0.0,0.0,0.0,0.0,0.0,0.0,0.0,0.0,0.0,0.0,0.0,0.0,0.0,0.0,0.0,0.0,0.0,0.0,0.0,0.0,0.0,0.0,0.0,0.0,0.0,0.0,0.0,0.0,0.0,0.0,0.0,0.0,0.0,0.0,0.0,0.0,0.0,0.0,0.0,0.0,0.0,0.0,0.0,0.0,0.0,0.0,0.0,0.0,0.0,0.0,0.0,0.0,0.0,0.0,0.0,0.0,0.0,0.0,0.0,0.0,0.0,0.0,0.0,0.0,0.0,0.0,0.0,0.0,0.0,0.0,0.0,0.0,0.0,0.0,0.0,0.0,0.0,0.0,0.0,0.0,0.0,0.0,0.0,0.0,0.0,0.0,0.0,0.0,0.0,0.0,0.0,0.0,0.0,0.0,0.0,0.0,0.0,0.0,0.0,0.0,0.0,0.0,0.0,0.0,0.0,0.0,0.0,0.0,0.0,0.0,0.0,0.0,0.0,0.0,0.0,0.0,0.0,0.0,0.0,0.0,0.0,0.0,0.0,0.0,0.0,0.0,0.0,0.0,0.0,0.0,0.0,0.0,0.0,0.0,0.0,0.0,0.0,0.0,0.0,0.0,0.0,0.0,0.0,3.0,14.0,25.0,94.0,165.0,261.0,357.0,471.0,588.0,708.0,831.0,954.0,1081.0,1208.0,1335.0,1462.0,1589.0,1722.0,1856.0,1990.0,2126.0,2362.0,2640.0,2930.0,3244.0,3561.0,3879.0,4208.0,4542.0,4935.0,5333.0,5731.0,6118.0,6846.0,8660.0,13208.0,19030.0,27721.0,37974.0,61153.0,119145.0,206068.0,339982.0,545019.0,796039.0,1169722.0,1696600.0,2351234.0,3170724.0,4118423.0,5187459.0,6394858.0,7752568.0,9127089.0,10514091.0,11938446.0,13393397.0,14919289.0,16468507.0,18037219.0,19650157.0,21433530.0,23937638.0,27723795.0,33337220.0,41192227.0,51568177.0,64454416.0,79701624.0,97257950.0,116896112.0,138718880.0,162609570.0,188851921.0,2024-12-06 14:59:20+00:00
autogluon/chronos-bolt-small,0.0,0.0,0.0,0.0,0.0,0.0,0.0,0.0,0.0,0.0,0.0,0.0,0.0,0.0,0.0,0.0,0.0,0.0,0.0,0.0,0.0,0.0,0.0,0.0,0.0,0.0,0.0,0.0,0.0,0.0,0.0,0.0,0.0,0.0,0.0,0.0,0.0,0.0,0.0,0.0,0.0,0.0,0.0,0.0,0.0,0.0,0.0,0.0,0.0,0.0,0.0,0.0,0.0,0.0,0.0,0.0,0.0,0.0,0.0,0.0,0.0,0.0,0.0,0.0,0.0,0.0,0.0,0.0,0.0,0.0,0.0,0.0,0.0,0.0,0.0,0.0,0.0,0.0,0.0,0.0,0.0,0.0,0.0,0.0,0.0,0.0,0.0,0.0,0.0,0.0,0.0,0.0,0.0,0.0,0.0,0.0,0.0,0.0,0.0,0.0,0.0,0.0,0.0,0.0,0.0,0.0,0.0,0.0,0.0,0.0,0.0,0.0,0.0,0.0,0.0,0.0,0.0,0.0,0.0,0.0,0.0,0.0,0.0,0.0,0.0,0.0,0.0,0.0,0.0,0.0,0.0,0.0,0.0,0.0,0.0,0.0,4.0,8.0,21.0,2864.0,10670.0,36309.0,66058.0,98076.0,133662.0,169323.0,205388.0,242085.0,279473.0,317321.0,361186.0,408591.0,458815.0,510436.0,567151.0,640068.0,722151.0,825353.0,937119.0,1051968.0,1166817.0,1293070.0,1430977.0,1577037.0,1755533.0,1955345.0,2158874.0,2364248.0,2579370.0,2800540.0,3026216.0,3251326.0,3475693.0,3701675.0,3927657.0,4189491.0,4463952.0,4738413.0,5016076.0,5359802.0,5736858.0,6113433.0,6554966.0,7005275.0,7461633.0,7931712.0,8397591.0,8885219.0,9376291.0,9867363.0,10356217.0,10840705.0,11323081.0,11875644.0,12412742.0,12945255.0,13500678.0,14074905.0,14698223.0,15377060.0,16169051.0,17044808.0,17993962.0,18948185.0,19886932.0,20840961.0,21810863.0,22790228.0,23781857.0,24735417.0,25667130.0,26728484.0,27930833.0,29236027.0,30623388.0,32061301.0,33596096.0,36062792.0,38808829.0,42983834.0,47692652.0,54041119.0,60515803.0,67031166.0,73606601.0,80705642.0,91083253.0,101921707.0,112767652.0,123592009.0,134309969.0,144988062.0,2024-11-13 13:28:57+00:00
answerdotai/ModernBERT-base,0.0,0.0,0.0,0.0,0.0,0.0,0.0,0.0,0.0,0.0,0.0,0.0,0.0,0.0,0.0,0.0,0.0,0.0,0.0,0.0,0.0,0.0,0.0,0.0,0.0,0.0,0.0,0.0,0.0,0.0,0.0,0.0,0.0,0.0,0.0,0.0,0.0,0.0,0.0,0.0,0.0,0.0,0.0,0.0,0.0,0.0,0.0,0.0,0.0,0.0,0.0,0.0,0.0,0.0,0.0,0.0,0.0,0.0,0.0,0.0,0.0,0.0,0.0,0.0,0.0,0.0,0.0,0.0,0.0,0.0,0.0,0.0,0.0,0.0,0.0,0.0,0.0,0.0,0.0,0.0,0.0,0.0,0.0,0.0,0.0,0.0,0.0,0.0,0.0,0.0,0.0,0.0,0.0,0.0,0.0,0.0,0.0,0.0,0.0,0.0,0.0,0.0,0.0,0.0,0.0,0.0,0.0,0.0,0.0,0.0,0.0,0.0,0.0,0.0,0.0,0.0,0.0,0.0,0.0,0.0,0.0,0.0,0.0,0.0,0.0,0.0,0.0,0.0,0.0,0.0,0.0,0.0,0.0,0.0,0.0,0.0,0.0,0.0,0.0,0.0,0.0,0.0,0.0,0.0,0.0,0.0,0.0,0.0,0.0,0.0,0.0,0.0,0.0,0.0,0.0,0.0,0.0,0.0,0.0,0.0,0.0,0.0,0.0,0.0,0.0,0.0,0.0,0.0,0.0,0.0,0.0,1828.0,8069.0,18771.0,29473.0,49962.0,77514.0,105066.0,136988.0,178543.0,222712.0,269652.0,323039.0,380648.0,446624.0,524335.0,613231.0,710003.0,811009.0,912015.0,1016301.0,1356026.0,2459378.0,5348691.0,8917597.0,12879278.0,17167137.0,21704356.0,26253288.0,30815005.0,35442781.0,40110837.0,44796601.0,49492173.0,54195790.0,58903831.0,63616736.0,68347407.0,73106416.0,77870900.0,82649939.0,87457203.0,92275877.0,97101609.0,102179547.0,107928946.0,114335219.0,121418457.0,129187543.0,137628092.0,146547412.0,155326908.0,164015293.0,172572628.0,181141280.0,189805749.0,198645230.0,207633904.0,216994626.0,226531478.0,236134545.0,245813473.0,2024-12-11 11:38:06+00:00
is210379/DeepSeek-R1-UD-IQ1_S,0.0,0.0,0.0,0.0,0.0,0.0,0.0,0.0,0.0,0.0,0.0,0.0,0.0,0.0,0.0,0.0,0.0,0.0,0.0,0.0,0.0,0.0,0.0,0.0,0.0,0.0,0.0,0.0,0.0,0.0,0.0,0.0,0.0,0.0,0.0,0.0,0.0,0.0,0.0,0.0,0.0,0.0,0.0,0.0,0.0,0.0,0.0,0.0,0.0,0.0,0.0,0.0,0.0,0.0,0.0,0.0,0.0,0.0,0.0,0.0,0.0,0.0,0.0,0.0,0.0,0.0,0.0,0.0,0.0,0.0,0.0,0.0,0.0,0.0,0.0,0.0,0.0,0.0,0.0,0.0,0.0,0.0,0.0,0.0,0.0,0.0,0.0,0.0,0.0,0.0,0.0,0.0,0.0,0.0,0.0,0.0,0.0,0.0,0.0,0.0,0.0,0.0,0.0,0.0,0.0,0.0,0.0,0.0,0.0,0.0,0.0,0.0,0.0,0.0,0.0,0.0,0.0,0.0,0.0,0.0,0.0,0.0,0.0,0.0,0.0,0.0,0.0,0.0,0.0,0.0,0.0,0.0,0.0,0.0,0.0,0.0,0.0,0.0,0.0,0.0,0.0,0.0,0.0,0.0,0.0,0.0,0.0,0.0,0.0,0.0,0.0,0.0,0.0,0.0,0.0,0.0,0.0,0.0,0.0,0.0,0.0,0.0,0.0,0.0,0.0,0.0,0.0,0.0,0.0,0.0,0.0,0.0,0.0,0.0,0.0,0.0,0.0,0.0,0.0,0.0,0.0,0.0,0.0,0.0,0.0,0.0,0.0,0.0,0.0,0.0,0.0,0.0,0.0,0.0,0.0,0.0,0.0,0.0,0.0,0.0,0.0,0.0,0.0,0.0,0.0,0.0,0.0,0.0,0.0,0.0,0.0,0.0,0.0,19.0,86.0,175.0,2532.0,5376.0,8327.0,3568867.0,11500796.0,19444108.0,27390217.0,35337226.0,43385753.0,51446009.0,59506995.0,67569435.0,75632665.0,83697877.0,91764315.0,99833604.0,2025-01-30 22:53:22+00:00
stable-diffusion-v1-5/stable-diffusion-inpainting,0.0,0.0,0.0,0.0,0.0,0.0,0.0,0.0,0.0,0.0,0.0,0.0,0.0,0.0,0.0,0.0,0.0,0.0,0.0,0.0,0.0,0.0,0.0,0.0,0.0,0.0,0.0,0.0,0.0,0.0,0.0,0.0,0.0,0.0,0.0,0.0,0.0,0.0,0.0,0.0,0.0,0.0,0.0,0.0,0.0,0.0,0.0,0.0,0.0,0.0,0.0,0.0,0.0,0.0,0.0,0.0,0.0,0.0,0.0,0.0,0.0,0.0,0.0,0.0,0.0,0.0,0.0,47.0,116.0,224.0,387.0,618.0,882.0,1183.0,1527.0,1894.0,2292.0,2767.0,15333.0,40730.0,66127.0,97592.0,133006.0,170395.0,218216.0,278394.0,338572.0,398750.0,501110.0,636929.0,792257.0,977818.0,1185680.0,1414442.0,1664894.0,1940181.0,2243324.0,2573321.0,2928763.0,3309291.0,3717849.0,4158848.0,4630556.0,5130661.0,5664964.0,6244317.0,6874303.0,7557748.0,8295167.0,9076608.0,9908545.0,10740482.0,11691894.0,12709862.0,13793428.0,14942688.0,16157925.0,17434303.0,18787033.0,20214969.0,21723348.0,23298489.0,24960628.0,26717663.0,28569076.0,30420489.0,32470256.0,34628298.0,36910109.0,39314166.0,41829105.0,44445203.0,47167671.0,50002201.0,52955227.0,56015783.0,59174670.0,62434763.0,65783293.0,69225477.0,72769520.0,76413587.0,80146633.0,83974117.0,87892421.0,91899494.0,95988590.0,100158706.0,104411201.0,108740084.0,113148497.0,117638047.0,122207347.0,126832036.0,131497308.0,136063142.0,140523703.0,144880989.0,149128604.0,153259160.0,157389716.0,161297287.0,165090506.0,168766202.0,172321065.0,175750344.0,179055991.0,182234270.0,185284249.0,188200146.0,190970204.0,193590708.0,196066987.0,198396323.0,200725659.0,202765913.0,204661312.0,206556711.0,208140647.0,209573668.0,210846938.0,211961553.0,212915546.0,213716763.0,214349675.0,214968503.0,215587320.0,216200503.0,216803271.0,217406039.0,217958630.0,218495876.0,219054513.0,219723786.0,220416847.0,221146330.0,221913103.0,222723419.0,223581790.0,224490227.0,225462547.0,226502758.0,227610262.0,228794098.0,230054019.0,231397077.0,232821550.0,234335979.0,235952897.0,237663061.0,239474894.0,241393976.0,243419539.0,245535308.0,247750305.0,250087370.0,252546174.0,255129573.0,257842054.0,260675606.0,263629591.0,266709719.0,269920892.0,273255073.0,276714370.0,280291682.0,283982739.0,287793769.0,291717165.0,295748807.0,299893976.0,304150198.0,2024-08-30 10:08:03+00:00
stable-diffusion-v1-5/stable-diffusion-v1-5,0.0,0.0,0.0,0.0,0.0,0.0,0.0,0.0,0.0,0.0,0.0,0.0,0.0,0.0,0.0,0.0,0.0,0.0,0.0,0.0,0.0,0.0,0.0,0.0,0.0,0.0,0.0,0.0,0.0,0.0,0.0,0.0,0.0,0.0,0.0,0.0,0.0,0.0,0.0,0.0,0.0,0.0,0.0,0.0,0.0,0.0,0.0,0.0,0.0,0.0,0.0,0.0,0.0,0.0,0.0,0.0,0.0,0.0,0.0,0.0,0.0,0.0,0.0,0.0,0.0,0.0,0.0,446.0,1049.0,2020.0,3495.0,5431.0,8037.0,11192.0,16037.0,22123.0,29545.0,39315.0,94730.0,372081.0,649432.0,1011401.0,1424848.0,1861988.0,2438463.0,3187819.0,3937175.0,4686531.0,6076033.0,8032415.0,10295345.0,12914399.0,15989566.0,19579862.0,23650338.0,28139548.0,33013394.0,38288069.0,43826113.0,49593954.0,55540212.0,61748820.0,68242324.0,75254140.0,82778719.0,90894755.0,100109325.0,110659172.0,121401249.0,132126945.0,142810343.0,153493741.0,164329920.0,175258683.0,186205148.0,197083504.0,207809384.0,218324935.0,228667217.0,238809544.0,248755279.0,258520592.0,267936024.0,277209324.0,286170067.0,295130810.0,303631197.0,311893066.0,320091273.0,328406746.0,336663611.0,344808144.0,352839113.0,360582467.0,367958333.0,374906669.0,381027708.0,385945503.0,390476430.0,394989833.0,399498504.0,404007926.0,408523206.0,413032912.0,417543140.0,422064525.0,426602742.0,431164649.0,435742364.0,440324312.0,444875335.0,449398169.0,453879091.0,458227182.0,462381296.0,466448588.0,470475207.0,474390026.0,478279047.0,481905284.0,485531521.0,489125461.0,492700173.0,496236174.0,499764677.0,503259674.0,506719369.0,510170311.0,513633265.0,517082626.0,520504977.0,523880790.0,527226319.0,530535502.0,533844685.0,537143872.0,540463274.0,543782676.0,547022606.0,550266391.0,553519033.0,556788127.0,560093380.0,563429682.0,566745769.0,570068559.0,573401196.0,576750547.0,580068992.0,583387437.0,586460878.0,589450342.0,592429873.0,595655009.0,598832901.0,601991984.0,605156772.0,608331779.0,611508257.0,614669806.0,617847313.0,621045697.0,624254107.0,627475885.0,630691822.0,633995733.0,637351057.0,640757084.0,644248855.0,647777818.0,651359364.0,654989308.0,658678582.0,662389713.0,666140249.0,669920590.0,673716810.0,677544190.0,681396853.0,685272765.0,689156139.0,693051262.0,696969284.0,700907895.0,704893962.0,708921109.0,712969007.0,717041211.0,721140863.0,725248833.0,729386403.0,733567599.0,2024-08-30 09:48:48+00:00
unslothai/1,0.0,0.0,0.0,0.0,0.0,0.0,0.0,0.0,0.0,0.0,0.0,0.0,0.0,372.0,14564.0,45941.0,94215.0,162749.0,246785.0,341666.0,448950.0,575171.0,701392.0,887485.0,1105230.0,1348359.0,1608352.0,1892087.0,2211995.0,2570812.0,2965631.0,3402046.0,3863777.0,4344246.0,4842235.0,5376974.0,5949248.0,6555316.0,7202160.0,7881128.0,8580153.0,9300389.0,10056408.0,10852413.0,11672080.0,12503074.0,13343538.0,14183292.0,15026909.0,15896848.0,16794034.0,17718391.0,18666704.0,19623447.0,20578345.0,21541325.0,22531618.0,23556398.0,24591126.0,25631984.0,26666566.0,27672462.0,28668305.0,29677245.0,30735823.0,31834867.0,32984105.0,34188568.0,35404216.0,36666582.0,37987673.0,39376648.0,40823348.0,42312443.0,43828987.0,45380006.0,46957193.0,48589318.0,50252756.0,51917147.0,53581538.0,55204645.0,56827752.0,58404316.0,59936286.0,61479598.0,63022910.0,64564871.0,66106832.0,67605095.0,69096616.0,70646980.0,72239261.0,73880846.0,75518186.0,77126618.0,78669140.0,80144792.0,81622879.0,83070791.0,84495629.0,84495629.0,85855299.0,87157601.0,88429879.0,89939430.0,93054564.0,96572653.0,100214597.0,104269854.0,108932021.0,113594188.0,119856781.0,127681642.0,135560945.0,143470046.0,151377309.0,159776487.0,168206505.0,176671749.0,185175729.0,193659335.0,202128062.0,210570875.0,219059463.0,227548051.0,236089589.0,244714038.0,253444118.0,262275600.0,271220761.0,280178613.0,289146884.0,298164666.0,307252477.0,316171797.0,323521147.0,330461786.0,337267321.0,343677581.0,349518647.0,355361826.0,359823942.0,362805378.0,365755614.0,368696263.0,371648259.0,374317742.0,376854528.0,379420638.0,382005375.0,384656272.0,387325891.0,390008251.0,392694894.0,395420267.0,398126952.0,400841120.0,403498428.0,406062798.0,408627168.0,411099445.0,413642954.0,416236028.0,418843516.0,421467904.0,424101802.0,426770455.0,429513400.0,432314757.0,435108512.0,437861962.0,440571722.0,443421426.0,446271130.0,449455187.0,452822947.0,456190707.0,459825239.0,463681827.0,467630309.0,471999979.0,476564495.0,481580948.0,486649930.0,491865222.0,497626312.0,503540714.0,509914853.0,516288992.0,522607906.0,528886386.0,535269670.0,542040757.0,548733767.0,555371013.0,561996498.0,568602217.0,575162467.0,581674979.0,588231200.0,594782172.0,601323537.0,607811927.0,613932917.0,620092887.0,626173176.0,632156755.0,638039692.0,643632995.0,649114925.0,654251836.0,659127180.0,663669224.0,668067727.0,672363751.0,676307420.0,680158845.0,683576080.0,687002797.0,690393864.0,693718898.0,696935047.0,700199294.0,703617888.0,707165999.0,710856827.0,714757340.0,718767584.0,722802644.0,726838530.0,730985292.0,2024-07-14 03:05:31+00:00
autogluon/chronos-bolt-base,0.0,0.0,0.0,0.0,0.0,0.0,0.0,0.0,0.0,0.0,0.0,0.0,0.0,0.0,0.0,0.0,0.0,0.0,0.0,0.0,0.0,0.0,0.0,0.0,0.0,0.0,0.0,0.0,0.0,0.0,0.0,0.0,0.0,0.0,0.0,0.0,0.0,0.0,0.0,0.0,0.0,0.0,0.0,0.0,0.0,0.0,0.0,0.0,0.0,0.0,0.0,0.0,0.0,0.0,0.0,0.0,0.0,0.0,0.0,0.0,0.0,0.0,0.0,0.0,0.0,0.0,0.0,0.0,0.0,0.0,0.0,0.0,0.0,0.0,0.0,0.0,0.0,0.0,0.0,0.0,0.0,0.0,0.0,0.0,0.0,0.0,0.0,0.0,0.0,0.0,0.0,0.0,0.0,0.0,0.0,0.0,0.0,0.0,0.0,0.0,0.0,0.0,0.0,0.0,0.0,0.0,0.0,0.0,0.0,0.0,0.0,0.0,0.0,0.0,0.0,0.0,0.0,0.0,0.0,0.0,0.0,0.0,0.0,0.0,0.0,0.0,0.0,0.0,0.0,0.0,0.0,0.0,0.0,0.0,0.0,565.0,1394.0,2223.0,3073.0,6767.0,15461.0,43508.0,75314.0,109144.0,146609.0,184122.0,221863.0,259614.0,297386.0,335555.0,383491.0,434133.0,487226.0,614606.0,747177.0,920336.0,1115386.0,1401313.0,1878941.0,2443635.0,3008329.0,3620940.0,4245161.0,4880630.0,5524079.0,6179783.0,6842567.0,7514179.0,8216365.0,9014269.0,9855376.0,10938905.0,12055325.0,13174879.0,14294433.0,15426324.0,16621651.0,17816978.0,19068253.0,20447514.0,21832119.0,23224868.0,24848072.0,26655870.0,28468138.0,30491378.0,32510345.0,34533146.0,36469699.0,38406252.0,40208349.0,42025809.0,43919159.0,46223856.0,48567521.0,50942902.0,53420326.0,56056433.0,58787329.0,61558470.0,64370219.0,67006539.0,70030933.0,73251038.0,76560364.0,80304850.0,84032619.0,87774418.0,91501282.0,95190003.0,98944336.0,102737306.0,106576905.0,110050937.0,113602201.0,116993207.0,120419730.0,123880991.0,127344973.0,130763939.0,134056258.0,137256524.0,140739013.0,144207335.0,147689063.0,151169621.0,154630810.0,158026010.0,161387544.0,164713068.0,168043104.0,171412081.0,2024-11-13 13:07:57+00:00
trl-internal-testing/tiny-Qwen2ForCausalLM-2.5,0.0,0.0,0.0,0.0,0.0,0.0,0.0,0.0,0.0,0.0,0.0,0.0,0.0,0.0,0.0,0.0,0.0,0.0,0.0,0.0,0.0,0.0,0.0,0.0,0.0,0.0,0.0,0.0,0.0,0.0,0.0,0.0,0.0,0.0,0.0,0.0,0.0,0.0,0.0,0.0,0.0,0.0,0.0,0.0,0.0,0.0,0.0,0.0,0.0,0.0,0.0,0.0,0.0,0.0,0.0,0.0,0.0,0.0,0.0,0.0,0.0,0.0,0.0,0.0,0.0,0.0,0.0,0.0,0.0,0.0,0.0,0.0,0.0,0.0,0.0,0.0,0.0,0.0,0.0,0.0,0.0,0.0,0.0,0.0,0.0,0.0,0.0,0.0,0.0,0.0,0.0,0.0,0.0,0.0,0.0,0.0,0.0,0.0,0.0,0.0,0.0,0.0,0.0,0.0,0.0,0.0,0.0,0.0,0.0,0.0,0.0,0.0,0.0,0.0,0.0,0.0,0.0,0.0,0.0,0.0,0.0,0.0,0.0,0.0,0.0,0.0,0.0,0.0,0.0,0.0,0.0,0.0,0.0,0.0,0.0,0.0,0.0,0.0,0.0,0.0,0.0,0.0,0.0,0.0,0.0,0.0,0.0,80939.0,313115.0,570152.0,895934.0,1283268.0,1700658.0,2168101.0,2679326.0,3254248.0,3853843.0,4548107.0,5283227.0,6018368.0,6753509.0,7542199.0,8422132.0,9400911.0,10472010.0,11664176.0,12866522.0,14166377.0,15476837.0,16869250.0,18293211.0,19773884.0,21317325.0,22905731.0,24494137.0,26152905.0,27823472.0,29494039.0,31094420.0,32565481.0,34009669.0,35414614.0,36805607.0,38147536.0,39472586.0,40716659.0,41964052.0,43131798.0,44264024.0,45396250.0,46524596.0,47618761.0,48674611.0,50056600.0,51369071.0,52661750.0,54044311.0,55396832.0,56781940.0,58127125.0,59593693.0,61053788.0,62469350.0,63977820.0,65549304.0,67192231.0,69022291.0,70966394.0,73026625.0,75227901.0,77445897.0,79846396.0,82285815.0,84849556.0,87466196.0,90112522.0,92755085.0,95410120.0,98228414.0,101070368.0,103845451.0,106720027.0,109606793.0,112459792.0,115361224.0,118338748.0,121235566.0,124188493.0,127121528.0,130037749.0,132831642.0,135806167.0,2024-11-25 15:06:15+00:00
bartowski/DeepSeek-R1-Distill-Qwen-32B-GGUF,0.0,0.0,0.0,0.0,0.0,0.0,0.0,0.0,0.0,0.0,0.0,0.0,0.0,0.0,0.0,0.0,0.0,0.0,0.0,0.0,0.0,0.0,0.0,0.0,0.0,0.0,0.0,0.0,0.0,0.0,0.0,0.0,0.0,0.0,0.0,0.0,0.0,0.0,0.0,0.0,0.0,0.0,0.0,0.0,0.0,0.0,0.0,0.0,0.0,0.0,0.0,0.0,0.0,0.0,0.0,0.0,0.0,0.0,0.0,0.0,0.0,0.0,0.0,0.0,0.0,0.0,0.0,0.0,0.0,0.0,0.0,0.0,0.0,0.0,0.0,0.0,0.0,0.0,0.0,0.0,0.0,0.0,0.0,0.0,0.0,0.0,0.0,0.0,0.0,0.0,0.0,0.0,0.0,0.0,0.0,0.0,0.0,0.0,0.0,0.0,0.0,0.0,0.0,0.0,0.0,0.0,0.0,0.0,0.0,0.0,0.0,0.0,0.0,0.0,0.0,0.0,0.0,0.0,0.0,0.0,0.0,0.0,0.0,0.0,0.0,0.0,0.0,0.0,0.0,0.0,0.0,0.0,0.0,0.0,0.0,0.0,0.0,0.0,0.0,0.0,0.0,0.0,0.0,0.0,0.0,0.0,0.0,0.0,0.0,0.0,0.0,0.0,0.0,0.0,0.0,0.0,0.0,0.0,0.0,0.0,0.0,0.0,0.0,0.0,0.0,0.0,0.0,0.0,0.0,0.0,0.0,0.0,0.0,0.0,0.0,0.0,0.0,0.0,0.0,0.0,0.0,0.0,0.0,0.0,0.0,0.0,0.0,0.0,0.0,0.0,0.0,0.0,0.0,0.0,0.0,0.0,0.0,0.0,0.0,0.0,0.0,0.0,0.0,723380.0,1495979.0,2308777.0,3153520.0,4027210.0,4934183.0,5872373.0,6922868.0,8298449.0,9837395.0,11490900.0,13234565.0,15105180.0,17109931.0,19183965.0,21318751.0,23573375.0,25978990.0,28445299.0,30965946.0,33521940.0,36161311.0,38840135.0,41555698.0,44344533.0,47165744.0,50019529.0,52943998.0,55903806.0,2025-01-20 14:02:00+00:00
answerdotai/answerai-colbert-small-v1,0.0,0.0,0.0,0.0,0.0,0.0,0.0,0.0,0.0,0.0,0.0,0.0,0.0,0.0,0.0,0.0,0.0,0.0,0.0,0.0,0.0,0.0,0.0,0.0,0.0,0.0,0.0,0.0,0.0,0.0,0.0,0.0,0.0,0.0,0.0,0.0,0.0,0.0,0.0,0.0,0.0,0.0,29.0,511.0,2015.0,4257.0,7053.0,10148.0,13536.0,18097.0,23467.0,29698.0,37185.0,45895.0,54787.0,64255.0,74241.0,85599.0,96957.0,110238.0,124691.0,140523.0,156967.0,174097.0,192013.0,209929.0,229592.0,250053.0,270840.0,292009.0,313787.0,336278.0,363439.0,409592.0,513121.0,692104.0,947099.0,1314742.0,1776943.0,2333377.0,2889811.0,3481825.0,4102302.0,4730919.0,5423787.0,6206975.0,6990163.0,7975022.0,8959881.0,10053773.0,11203030.0,12449862.0,13791798.0,15241386.0,16802156.0,18469002.0,20231220.0,22085646.0,24041711.0,26109493.0,28281450.0,30557821.0,32940403.0,35397646.0,37907866.0,40450572.0,43028446.0,45608750.0,48198595.0,50798009.0,53437380.0,56076751.0,58875598.0,61804688.0,64803952.0,67832263.0,70854695.0,73872379.0,76929976.0,80037000.0,83222224.0,86439338.0,89696214.0,92987715.0,96297489.0,99607263.0,102954576.0,106337981.0,109751168.0,113168051.0,116591523.0,120020431.0,123452452.0,126900701.0,130380235.0,133873657.0,137382876.0,140899501.0,144413677.0,147931623.0,151466118.0,155020789.0,158581771.0,162111608.0,165610951.0,169099933.0,172580407.0,176060407.0,179537220.0,183006747.0,186446120.0,189858590.0,193237342.0,196571771.0,199866019.0,203164274.0,206434302.0,209675918.0,212882372.0,216065267.0,219248162.0,222397293.0,225536025.0,228679289.0,231829250.0,234974017.0,238083158.0,241164945.0,244234927.0,247280711.0,250296497.0,253257190.0,256188751.0,259120311.0,262051871.0,265010233.0,267987535.0,270964837.0,273911711.0,276879841.0,279854275.0,282837548.0,285834685.0,288850473.0,291835588.0,294837655.0,297865859.0,300916774.0,303987397.0,307058020.0,309995159.0,312871889.0,315796369.0,319045497.0,322303000.0,325572542.0,328858896.0,332163838.0,335474293.0,338797069.0,342143102.0,345499443.0,348879507.0,352267223.0,355618229.0,358957471.0,362279180.0,365588882.0,368946386.0,372283464.0,375606971.0,378925255.0,382235226.0,385520045.0,388807184.0,392075398.0,395308575.0,398511964.0,401689279.0,404833577.0,407953627.0,411046300.0,414090901.0,417090774.0,420055316.0,422987981.0,425905295.0,428812436.0,431712004.0,434594196.0,437473938.0,440368455.0,2024-08-12 13:02:24+00:00
mlx-community/Llama-3.2-1B-Instruct-4bit,0.0,0.0,0.0,0.0,0.0,0.0,0.0,0.0,0.0,0.0,0.0,0.0,0.0,0.0,0.0,0.0,0.0,0.0,0.0,0.0,0.0,0.0,0.0,0.0,0.0,0.0,0.0,0.0,0.0,0.0,0.0,0.0,0.0,0.0,0.0,0.0,0.0,0.0,0.0,0.0,0.0,0.0,0.0,0.0,0.0,0.0,0.0,0.0,0.0,0.0,0.0,0.0,0.0,0.0,0.0,0.0,0.0,0.0,0.0,0.0,0.0,0.0,0.0,0.0,0.0,0.0,0.0,0.0,0.0,0.0,0.0,0.0,0.0,0.0,0.0,0.0,0.0,0.0,0.0,0.0,0.0,0.0,0.0,0.0,0.0,0.0,0.0,0.0,165.0,389.0,644.0,1012.0,1497.0,2088.0,2773.0,3493.0,4298.0,5169.0,6124.0,7171.0,9368.0,9368.0,12246.0,15232.0,18438.0,21950.0,25625.0,29562.0,33752.0,38373.0,43127.0,47881.0,53207.0,58712.0,64368.0,70123.0,76105.0,82071.0,88053.0,94181.0,100819.0,107849.0,114968.0,122303.0,129734.0,137165.0,145039.0,153024.0,161076.0,169168.0,176376.0,183261.0,190011.0,196827.0,203675.0,210463.0,217307.0,224101.0,230713.0,237012.0,243974.0,251839.0,259565.0,268690.0,278233.0,288177.0,298036.0,309865.0,324168.0,338660.0,356891.0,393310.0,441247.0,509020.0,583328.0,671542.0,764931.0,864226.0,976205.0,1130272.0,1284339.0,1526594.0,1805729.0,2106276.0,2457235.0,2846405.0,3262002.0,3692592.0,4142552.0,4641893.0,5202011.0,5800498.0,6430741.0,7098974.0,7767207.0,8574594.0,9462538.0,10350482.0,11336325.0,12390575.0,13491381.0,14629618.0,15823301.0,17078236.0,18362721.0,19701842.0,21093052.0,22523143.0,23997609.0,25472075.0,26888394.0,28293044.0,29775869.0,31533026.0,33354853.0,35242133.0,37262913.0,39410101.0,41670623.0,44045378.0,46527021.0,49055091.0,51658840.0,54347325.0,57116669.0,59962630.0,62839858.0,65763418.0,68789472.0,71926247.0,75171755.0,78482519.0,81824502.0,85170898.0,88548987.0,91950281.0,95379386.0,98870610.0,102391643.0,105938338.0,109500613.0,113005722.0,116462967.0,119897541.0,123313233.0,126674078.0,129938192.0,133134332.0,136256500.0,139290972.0,142196653.0,145035521.0,2024-09-25 18:35:40+00:00
bartowski/simplescaling_s1-32B-GGUF,0.0,0.0,0.0,0.0,0.0,0.0,0.0,0.0,0.0,0.0,0.0,0.0,0.0,0.0,0.0,0.0,0.0,0.0,0.0,0.0,0.0,0.0,0.0,0.0,0.0,0.0,0.0,0.0,0.0,0.0,0.0,0.0,0.0,0.0,0.0,0.0,0.0,0.0,0.0,0.0,0.0,0.0,0.0,0.0,0.0,0.0,0.0,0.0,0.0,0.0,0.0,0.0,0.0,0.0,0.0,0.0,0.0,0.0,0.0,0.0,0.0,0.0,0.0,0.0,0.0,0.0,0.0,0.0,0.0,0.0,0.0,0.0,0.0,0.0,0.0,0.0,0.0,0.0,0.0,0.0,0.0,0.0,0.0,0.0,0.0,0.0,0.0,0.0,0.0,0.0,0.0,0.0,0.0,0.0,0.0,0.0,0.0,0.0,0.0,0.0,0.0,0.0,0.0,0.0,0.0,0.0,0.0,0.0,0.0,0.0,0.0,0.0,0.0,0.0,0.0,0.0,0.0,0.0,0.0,0.0,0.0,0.0,0.0,0.0,0.0,0.0,0.0,0.0,0.0,0.0,0.0,0.0,0.0,0.0,0.0,0.0,0.0,0.0,0.0,0.0,0.0,0.0,0.0,0.0,0.0,0.0,0.0,0.0,0.0,0.0,0.0,0.0,0.0,0.0,0.0,0.0,0.0,0.0,0.0,0.0,0.0,0.0,0.0,0.0,0.0,0.0,0.0,0.0,0.0,0.0,0.0,0.0,0.0,0.0,0.0,0.0,0.0,0.0,0.0,0.0,0.0,0.0,0.0,0.0,0.0,0.0,0.0,0.0,0.0,0.0,0.0,0.0,0.0,0.0,0.0,0.0,0.0,0.0,0.0,0.0,0.0,0.0,0.0,0.0,0.0,0.0,0.0,0.0,0.0,0.0,0.0,0.0,0.0,0.0,0.0,0.0,0.0,0.0,0.0,461.0,4108.0,12679.0,22151.0,442940.0,2843993.0,5452859.0,8062443.0,10672286.0,13282435.0,15892994.0,18504387.0,21116798.0,2025-02-05 23:42:11+00:00
vidore/colpali-v1.2-hf,0.0,0.0,0.0,0.0,0.0,0.0,0.0,0.0,0.0,0.0,0.0,0.0,0.0,0.0,0.0,0.0,0.0,0.0,0.0,0.0,0.0,0.0,0.0,0.0,0.0,0.0,0.0,0.0,0.0,0.0,0.0,0.0,0.0,0.0,0.0,0.0,0.0,0.0,0.0,0.0,0.0,0.0,0.0,0.0,0.0,0.0,0.0,0.0,0.0,0.0,0.0,0.0,0.0,0.0,0.0,0.0,0.0,0.0,0.0,0.0,0.0,0.0,0.0,0.0,0.0,0.0,0.0,0.0,0.0,0.0,0.0,0.0,0.0,0.0,0.0,0.0,0.0,0.0,0.0,0.0,0.0,0.0,0.0,0.0,0.0,0.0,0.0,0.0,0.0,9.0,22.0,35.0,48.0,61.0,74.0,87.0,100.0,113.0,113.0,113.0,113.0,113.0,113.0,113.0,113.0,113.0,113.0,113.0,113.0,113.0,126.0,139.0,156.0,177.0,201.0,225.0,249.0,249.0,249.0,249.0,284.0,324.0,376.0,428.0,484.0,540.0,598.0,660.0,722.0,793.0,864.0,936.0,1018.0,1100.0,1185.0,1270.0,1355.0,1440.0,1525.0,1610.0,1695.0,1781.0,1865.0,1947.0,2027.0,2104.0,2104.0,2104.0,2104.0,2104.0,2199.0,2310.0,2412.0,2515.0,2614.0,2713.0,2815.0,2935.0,3057.0,3170.0,3283.0,3397.0,3504.0,3611.0,3715.0,3820.0,3925.0,4030.0,4140.0,4270.0,4445.0,4666.0,4916.0,5177.0,5438.0,5785.0,6204.0,6623.0,7188.0,7813.0,8418.0,9003.0,9592.0,10188.0,10792.0,11404.0,12042.0,12676.0,13316.0,13956.0,14604.0,15260.0,15929.0,16656.0,17394.0,18131.0,18887.0,19681.0,20550.0,21640.0,22727.0,23838.0,25030.0,26273.0,27626.0,35852.0,50669.0,65476.0,80261.0,95043.0,109965.0,124914.0,139875.0,154856.0,169844.0,184844.0,199831.0,214853.0,230016.0,759681.0,1941096.0,3783165.0,6137449.0,8574680.0,11034837.0,13495180.0,15955816.0,18416532.0,20877441.0,23338154.0,25799044.0,28260127.0,2024-11-28 21:10:12+00:00
unsloth/DeepSeek-R1-GGUF,0.0,0.0,0.0,0.0,0.0,0.0,0.0,0.0,0.0,0.0,0.0,0.0,0.0,0.0,0.0,0.0,0.0,0.0,0.0,0.0,0.0,0.0,0.0,0.0,0.0,0.0,0.0,0.0,0.0,0.0,0.0,0.0,0.0,0.0,0.0,0.0,0.0,0.0,0.0,0.0,0.0,0.0,0.0,0.0,0.0,0.0,0.0,0.0,0.0,0.0,0.0,0.0,0.0,0.0,0.0,0.0,0.0,0.0,0.0,0.0,0.0,0.0,0.0,0.0,0.0,0.0,0.0,0.0,0.0,0.0,0.0,0.0,0.0,0.0,0.0,0.0,0.0,0.0,0.0,0.0,0.0,0.0,0.0,0.0,0.0,0.0,0.0,0.0,0.0,0.0,0.0,0.0,0.0,0.0,0.0,0.0,0.0,0.0,0.0,0.0,0.0,0.0,0.0,0.0,0.0,0.0,0.0,0.0,0.0,0.0,0.0,0.0,0.0,0.0,0.0,0.0,0.0,0.0,0.0,0.0,0.0,0.0,0.0,0.0,0.0,0.0,0.0,0.0,0.0,0.0,0.0,0.0,0.0,0.0,0.0,0.0,0.0,0.0,0.0,0.0,0.0,0.0,0.0,0.0,0.0,0.0,0.0,0.0,0.0,0.0,0.0,0.0,0.0,0.0,0.0,0.0,0.0,0.0,0.0,0.0,0.0,0.0,0.0,0.0,0.0,0.0,0.0,0.0,0.0,0.0,0.0,0.0,0.0,0.0,0.0,0.0,0.0,0.0,0.0,0.0,0.0,0.0,0.0,0.0,0.0,0.0,0.0,0.0,0.0,0.0,0.0,0.0,0.0,0.0,0.0,0.0,0.0,0.0,0.0,0.0,0.0,0.0,0.0,4147.0,15243.0,30031.0,48019.0,68893.0,91911.0,119072.0,184490.0,327398.0,536092.0,763043.0,1007300.0,1269087.0,1551411.0,1852798.0,2209182.0,2614546.0,3229837.0,3942932.0,4711851.0,5503376.0,6362894.0,7265069.0,8195194.0,10336617.0,12513864.0,14717581.0,16963895.0,19293586.0,2025-01-20 13:09:42+00:00
unslothai/vram-24,0.0,0.0,0.0,0.0,0.0,0.0,407.0,2501.0,6998.0,13610.0,22909.0,35409.0,50705.0,69118.0,93325.0,124403.0,161468.0,207049.0,258481.0,313683.0,372760.0,438294.0,503828.0,585618.0,675953.0,776013.0,881712.0,996519.0,1123696.0,1261075.0,1408435.0,1576191.0,1751577.0,1931597.0,2115998.0,2312149.0,2521651.0,2739453.0,2969771.0,3207603.0,3449102.0,3692875.0,3943341.0,4201427.0,4463336.0,4726736.0,4992735.0,5255541.0,5517633.0,5787235.0,6063632.0,6348504.0,6645382.0,6950739.0,7259070.0,7568794.0,7887413.0,8211372.0,8536950.0,8864221.0,9192313.0,9503963.0,9811335.0,10120996.0,10459547.0,10834003.0,11256478.0,11738529.0,12241455.0,12789140.0,13383221.0,14030090.0,14721041.0,15456610.0,16216190.0,17013925.0,17837505.0,18700449.0,19578660.0,20461969.0,21339769.0,22207464.0,23075159.0,23909005.0,24734798.0,25560334.0,26385870.0,27209356.0,28032842.0,28838121.0,29637633.0,30445088.0,31259209.0,32077634.0,32891605.0,33674606.0,34397132.0,35051128.0,35686698.0,36282612.0,36839678.0,36839678.0,37326413.0,37767065.0,38185067.0,38818341.0,41037549.0,43655747.0,46397545.0,49545549.0,53304952.0,57064355.0,62374856.0,69214834.0,76083808.0,82971532.0,89863898.0,97263845.0,104693609.0,112142548.0,119610803.0,127083982.0,134562852.0,142052508.0,149601466.0,157150424.0,164737642.0,172350559.0,180034940.0,187766373.0,195616424.0,203497272.0,211400528.0,219336377.0,227321201.0,235103162.0,241283249.0,247026015.0,252623185.0,257807141.0,262380158.0,266860553.0,269931620.0,271477940.0,272977635.0,274456504.0,275930149.0,277079614.0,278046749.0,278988472.0,279917321.0,280866639.0,281810180.0,282750025.0,283637997.0,284533503.0,285405792.0,286265024.0,287070080.0,287830762.0,288591444.0,289240697.0,289931360.0,290652157.0,291381152.0,292149442.0,292970433.0,293855283.0,294809339.0,295813677.0,296837409.0,297869354.0,298908561.0,300122963.0,301337365.0,302872073.0,304560593.0,306389834.0,308373538.0,310616675.0,312985189.0,315836313.0,318904335.0,322446419.0,326102996.0,329921103.0,334301388.0,338874216.0,343964072.0,349053928.0,354148314.0,359259056.0,364492954.0,370039475.0,375542994.0,381009448.0,386447622.0,391857258.0,397213799.0,402522720.0,407833870.0,413131370.0,418431073.0,423660894.0,428511370.0,433377849.0,438187827.0,442856278.0,447404996.0,451719230.0,455891865.0,459692829.0,463207549.0,466363571.0,469345865.0,472208643.0,474707849.0,477076377.0,478963808.0,480828393.0,482629258.0,484310355.0,485856964.0,487429974.0,489058289.0,490739168.0,492488418.0,494373305.0,496333269.0,498315214.0,500302962.0,502339330.0,2024-07-07 17:02:11+00:00
jinaai/jina-embeddings-v3,0.0,0.0,0.0,0.0,0.0,0.0,0.0,0.0,0.0,0.0,0.0,0.0,0.0,0.0,0.0,0.0,0.0,0.0,0.0,0.0,0.0,0.0,0.0,0.0,0.0,0.0,0.0,0.0,0.0,0.0,0.0,0.0,0.0,0.0,0.0,0.0,0.0,0.0,0.0,0.0,0.0,0.0,0.0,0.0,0.0,0.0,0.0,0.0,0.0,0.0,0.0,0.0,0.0,0.0,0.0,0.0,0.0,0.0,0.0,0.0,0.0,0.0,0.0,0.0,0.0,0.0,0.0,0.0,0.0,0.0,0.0,0.0,0.0,0.0,0.0,0.0,0.0,1611.0,4447.0,11095.0,17743.0,26614.0,36517.0,46566.0,57682.0,84978.0,112274.0,139570.0,231321.0,338485.0,449227.0,573800.0,710181.0,860630.0,1021622.0,1190144.0,1362616.0,1539900.0,1741115.0,1953398.0,2174404.0,2417873.0,2675090.0,2942956.0,3221296.0,3514249.0,3832536.0,4179434.0,4542756.0,4921289.0,5305950.0,5690611.0,6095339.0,6515200.0,6950105.0,7390848.0,7789867.0,8223320.0,8686749.0,9153663.0,9641410.0,10176958.0,10765249.0,11372782.0,12003059.0,12633336.0,13314788.0,14046075.0,14775153.0,15505273.0,16244544.0,16974763.0,17708252.0,18456580.0,19307010.0,20234865.0,21183271.0,22111697.0,23030998.0,23942077.0,24868681.0,25863387.0,26886742.0,27917231.0,28950120.0,29976308.0,30995890.0,32009378.0,32970574.0,33933360.0,34895799.0,35822173.0,36670561.0,37498542.0,38300779.0,39111788.0,39923034.0,40685432.0,41470384.0,42267897.0,43065410.0,43900867.0,44765387.0,45635821.0,46479740.0,47207493.0,47916587.0,48629146.0,49376633.0,50149270.0,50918048.0,51642376.0,52322162.0,53000227.0,53678292.0,54364178.0,55066208.0,55768238.0,56496683.0,57268649.0,58046554.0,58832669.0,59641768.0,60474616.0,61306232.0,62147136.0,62992156.0,63833029.0,64655813.0,65478597.0,66253747.0,67010577.0,67795784.0,68700904.0,69597087.0,70488030.0,71396983.0,72343527.0,73337438.0,74331925.0,75349998.0,76392672.0,77444046.0,78526299.0,79625211.0,80744024.0,81881148.0,83033187.0,84201646.0,85337963.0,86486408.0,87661013.0,88856080.0,90073160.0,91324463.0,92601640.0,93897989.0,95238660.0,96689151.0,98198761.0,99749258.0,101301280.0,102824602.0,104321639.0,105844890.0,107406098.0,109239197.0,111096692.0,112950993.0,114879546.0,116813002.0,118781107.0,2024-09-05 11:56:46+00:00
opensearch-project/opensearch-neural-sparse-encoding-doc-v2-distill,0.0,0.0,0.0,0.0,0.0,0.0,0.0,0.0,0.0,0.0,0.0,0.0,0.0,0.0,0.0,0.0,16.0,39.0,62.0,85.0,108.0,133.0,158.0,183.0,256.0,339.0,422.0,505.0,590.0,675.0,760.0,848.0,936.0,1024.0,1129.0,1238.0,1353.0,1484.0,1644.0,1809.0,1974.0,2139.0,2304.0,2471.0,2638.0,2807.0,2972.0,3124.0,3270.0,3538.0,3880.0,4220.0,4638.0,5057.0,5428.0,5789.0,6361.0,6989.0,7617.0,18452.0,34060.0,58642.0,83222.0,107802.0,132438.0,157074.0,181761.0,206477.0,231168.0,255842.0,280528.0,307902.0,343967.0,388416.0,440817.0,498991.0,562694.0,634820.0,720716.0,830885.0,941054.0,1063549.0,1186044.0,1309595.0,1443261.0,1584290.0,1725319.0,1914198.0,2103077.0,2304681.0,2512898.0,2727137.0,2975857.0,3249938.0,3550700.0,3872468.0,4214949.0,4578528.0,4983246.0,5429544.0,5934158.0,5934158.0,6540967.0,7161033.0,7794691.0,8443876.0,9115152.0,9822493.0,10540988.0,11261244.0,11981010.0,12700776.0,13447790.0,14213972.0,14993960.0,15787502.0,16563912.0,17331666.0,18095587.0,18855833.0,19615573.0,20365820.0,21101614.0,21825083.0,22538814.0,23252545.0,23959940.0,24668096.0,25365911.0,26053777.0,26712142.0,27364668.0,28005155.0,28658585.0,29342195.0,30052318.0,30786347.0,31602005.0,32515545.0,33533284.0,34621673.0,35720725.0,36836530.0,37951093.0,39066152.0,40198071.0,41353010.0,42547201.0,43784976.0,45067572.0,46400563.0,47779814.0,49205513.0,50673890.0,52177483.0,53719078.0,55294754.0,56900149.0,58534183.0,60208695.0,61883207.0,63592834.0,65302326.0,66988574.0,68662198.0,70323162.0,72001989.0,73646950.0,75222554.0,76717532.0,78145353.0,79563698.0,80978450.0,82421823.0,83865196.0,85357328.0,86870440.0,88383552.0,89893905.0,91409509.0,92931641.0,94461260.0,95986917.0,97516218.0,99027776.0,100545464.0,102068573.0,103601507.0,105142258.0,106683009.0,108123917.0,109520024.0,110918706.0,112468912.0,114050079.0,115619455.0,117168466.0,118676915.0,120167620.0,121641907.0,123139722.0,124667586.0,126231982.0,127811939.0,129382045.0,130968700.0,132555726.0,134129210.0,135737451.0,137353993.0,138970211.0,140575731.0,142174087.0,143762230.0,145356467.0,146970299.0,148598573.0,150234187.0,151870794.0,153514480.0,155169719.0,156839328.0,158533793.0,160249136.0,161985684.0,163748489.0,165546774.0,167382779.0,169244231.0,171138303.0,173051210.0,174968488.0,2024-07-17 07:51:35+00:00
bartowski/DeepSeek-R1-Distill-Qwen-14B-GGUF,0.0,0.0,0.0,0.0,0.0,0.0,0.0,0.0,0.0,0.0,0.0,0.0,0.0,0.0,0.0,0.0,0.0,0.0,0.0,0.0,0.0,0.0,0.0,0.0,0.0,0.0,0.0,0.0,0.0,0.0,0.0,0.0,0.0,0.0,0.0,0.0,0.0,0.0,0.0,0.0,0.0,0.0,0.0,0.0,0.0,0.0,0.0,0.0,0.0,0.0,0.0,0.0,0.0,0.0,0.0,0.0,0.0,0.0,0.0,0.0,0.0,0.0,0.0,0.0,0.0,0.0,0.0,0.0,0.0,0.0,0.0,0.0,0.0,0.0,0.0,0.0,0.0,0.0,0.0,0.0,0.0,0.0,0.0,0.0,0.0,0.0,0.0,0.0,0.0,0.0,0.0,0.0,0.0,0.0,0.0,0.0,0.0,0.0,0.0,0.0,0.0,0.0,0.0,0.0,0.0,0.0,0.0,0.0,0.0,0.0,0.0,0.0,0.0,0.0,0.0,0.0,0.0,0.0,0.0,0.0,0.0,0.0,0.0,0.0,0.0,0.0,0.0,0.0,0.0,0.0,0.0,0.0,0.0,0.0,0.0,0.0,0.0,0.0,0.0,0.0,0.0,0.0,0.0,0.0,0.0,0.0,0.0,0.0,0.0,0.0,0.0,0.0,0.0,0.0,0.0,0.0,0.0,0.0,0.0,0.0,0.0,0.0,0.0,0.0,0.0,0.0,0.0,0.0,0.0,0.0,0.0,0.0,0.0,0.0,0.0,0.0,0.0,0.0,0.0,0.0,0.0,0.0,0.0,0.0,0.0,0.0,0.0,0.0,0.0,0.0,0.0,0.0,0.0,0.0,0.0,0.0,0.0,0.0,0.0,0.0,0.0,0.0,0.0,42349.0,107965.0,182105.0,265754.0,358425.0,460818.0,571277.0,712566.0,905141.0,1161156.0,1457046.0,1780608.0,2149235.0,2563961.0,3012829.0,3494667.0,4018833.0,4597080.0,5223378.0,5896074.0,6586363.0,7295584.0,8022560.0,8773029.0,9821695.0,10894063.0,11977515.0,13798910.0,15629902.0,2025-01-20 14:53:41+00:00
black-forest-labs/FLUX.1-dev,0.0,0.0,0.0,0.0,0.0,0.0,0.0,0.0,0.0,0.0,0.0,0.0,0.0,0.0,0.0,0.0,0.0,0.0,0.0,0.0,0.0,0.0,0.0,0.0,0.0,0.0,0.0,0.0,0.0,0.0,0.0,0.0,0.0,0.0,0.0,11864.0,35211.0,72376.0,155585.0,255328.0,368227.0,494328.0,659325.0,845964.0,1053250.0,1282172.0,1531533.0,1798309.0,2082715.0,2398731.0,2750356.0,3135603.0,3554246.0,4003306.0,4482262.0,4989003.0,5526210.0,6094083.0,6661956.0,7290964.0,7941001.0,8602955.0,9272044.0,9959879.0,10671464.0,11383049.0,12139085.0,12913868.0,13701266.0,14504131.0,15349943.0,16239892.0,17132365.0,18043762.0,18972496.0,19927238.0,20893287.0,21889834.0,22909267.0,23935656.0,24962045.0,25966889.0,26951552.0,27906471.0,28825131.0,29749242.0,30673353.0,31737855.0,32802357.0,33864343.0,34926548.0,36020803.0,37141615.0,38282372.0,39425319.0,40564722.0,41698180.0,42829992.0,43971977.0,45118096.0,46249069.0,47354710.0,48452026.0,49535907.0,50609881.0,51676042.0,52760855.0,53837223.0,54909146.0,55985454.0,57132252.0,58279050.0,59479062.0,60717328.0,61991540.0,63285163.0,64592592.0,65776253.0,66969047.0,68168992.0,69380786.0,70592666.0,71809686.0,73034565.0,74259818.0,75485071.0,76724709.0,77983578.0,79253369.0,80541875.0,81837112.0,83144314.0,84450959.0,85767292.0,87112410.0,88466136.0,89815980.0,91163273.0,92511630.0,93858666.0,95152129.0,96448572.0,97743940.0,99038192.0,100323058.0,101619907.0,102919538.0,104230277.0,105549716.0,106878849.0,108235442.0,109599235.0,110966598.0,112332363.0,113697065.0,115076477.0,116474644.0,117864103.0,119247238.0,120610350.0,121973462.0,123343056.0,124715163.0,126094807.0,127470094.0,128835405.0,130198821.0,131559898.0,132935031.0,134311792.0,135681079.0,137032128.0,138377618.0,139706916.0,141036214.0,142330694.0,143601491.0,144872288.0,146098925.0,147312320.0,148502692.0,149684468.0,150868868.0,152056411.0,153218722.0,154387419.0,155541446.0,156710363.0,157884504.0,159058645.0,160181704.0,161275995.0,162377492.0,163622772.0,164871015.0,166126376.0,167385426.0,168653318.0,169915755.0,171177564.0,172456763.0,173751860.0,175061995.0,176393690.0,177742878.0,179119334.0,180538436.0,181979868.0,183469878.0,184982788.0,186518915.0,188066999.0,189611272.0,191148418.0,192699164.0,194245735.0,195783544.0,197332151.0,198874941.0,200420034.0,201963254.0,203505202.0,205084182.0,206664387.0,208266104.0,209895478.0,211551026.0,213229528.0,214920894.0,216634293.0,218367439.0,220122076.0,2024-07-31 21:13:44+00:00
answerdotai/ModernBERT-large,0.0,0.0,0.0,0.0,0.0,0.0,0.0,0.0,0.0,0.0,0.0,0.0,0.0,0.0,0.0,0.0,0.0,0.0,0.0,0.0,0.0,0.0,0.0,0.0,0.0,0.0,0.0,0.0,0.0,0.0,0.0,0.0,0.0,0.0,0.0,0.0,0.0,0.0,0.0,0.0,0.0,0.0,0.0,0.0,0.0,0.0,0.0,0.0,0.0,0.0,0.0,0.0,0.0,0.0,0.0,0.0,0.0,0.0,0.0,0.0,0.0,0.0,0.0,0.0,0.0,0.0,0.0,0.0,0.0,0.0,0.0,0.0,0.0,0.0,0.0,0.0,0.0,0.0,0.0,0.0,0.0,0.0,0.0,0.0,0.0,0.0,0.0,0.0,0.0,0.0,0.0,0.0,0.0,0.0,0.0,0.0,0.0,0.0,0.0,0.0,0.0,0.0,0.0,0.0,0.0,0.0,0.0,0.0,0.0,0.0,0.0,0.0,0.0,0.0,0.0,0.0,0.0,0.0,0.0,0.0,0.0,0.0,0.0,0.0,0.0,0.0,0.0,0.0,0.0,0.0,0.0,0.0,0.0,0.0,0.0,0.0,0.0,0.0,0.0,0.0,0.0,0.0,0.0,0.0,0.0,0.0,0.0,0.0,0.0,0.0,0.0,0.0,0.0,0.0,0.0,0.0,0.0,0.0,0.0,0.0,0.0,0.0,0.0,0.0,0.0,0.0,0.0,0.0,0.0,0.0,0.0,347.0,2098.0,5320.0,8542.0,15334.0,23703.0,32072.0,41594.0,55279.0,71981.0,90413.0,110222.0,131326.0,152964.0,176736.0,203818.0,231869.0,262187.0,292505.0,323545.0,355308.0,389389.0,434641.0,480998.0,529337.0,580181.0,632547.0,689563.0,750210.0,945171.0,1564293.0,2495969.0,3767223.0,5258601.0,6859995.0,8505937.0,10193073.0,11941495.0,13771507.0,15811018.0,17854252.0,19897532.0,21940414.0,23984665.0,26028254.0,28071334.0,30119714.0,32173302.0,34234256.0,36297014.0,38362911.0,40458380.0,42596268.0,44775825.0,46962218.0,49154546.0,51353009.0,53554337.0,55757761.0,57892073.0,59633125.0,2024-12-11 15:55:21+00:00
brunopio/Llama3-8B-1.58-100B-tokens-GGUF,0.0,0.0,0.0,0.0,0.0,0.0,0.0,0.0,0.0,0.0,0.0,0.0,0.0,0.0,0.0,0.0,0.0,0.0,0.0,0.0,0.0,0.0,0.0,0.0,0.0,0.0,0.0,0.0,0.0,0.0,0.0,0.0,0.0,0.0,0.0,0.0,0.0,0.0,0.0,0.0,0.0,0.0,0.0,0.0,0.0,0.0,0.0,0.0,0.0,0.0,0.0,0.0,0.0,0.0,0.0,0.0,0.0,0.0,0.0,0.0,0.0,0.0,0.0,0.0,0.0,0.0,0.0,0.0,0.0,0.0,0.0,0.0,0.0,0.0,0.0,0.0,0.0,0.0,0.0,0.0,0.0,11.0,27.0,44.0,74.0,130.0,186.0,242.0,358.0,492.0,642.0,805.0,991.0,1202.0,1430.0,1664.0,1916.0,2178.0,2458.0,2784.0,3123.0,3480.0,3850.0,4246.0,4659.0,5080.0,5512.0,5948.0,6438.0,7137.0,54034.0,100931.0,250354.0,452112.0,706013.0,1011310.0,1368794.0,1777531.0,2237107.0,2748217.0,3308105.0,3915413.0,4576232.0,5288101.0,6050655.0,6813209.0,7697914.0,8648755.0,9653942.0,10708279.0,11812708.0,12966464.0,14169973.0,15422715.0,16739702.0,18122159.0,19568168.0,21080690.0,22656244.0,24296160.0,25971360.0,27661670.0,29364844.0,31082491.0,32795736.0,34512658.0,36235001.0,37962200.0,39693284.0,41428269.0,43168119.0,44915086.0,46667520.0,48423027.0,50182565.0,51948432.0,53702586.0,55399318.0,57038784.0,58627039.0,60215294.0,61705955.0,63147319.0,64539189.0,65871126.0,67138077.0,68340468.0,69529839.0,70713320.0,71877346.0,73012248.0,74106721.0,75168766.0,76203512.0,77238258.0,78255919.0,79272547.0,80289175.0,81268836.0,82249545.0,83230674.0,84211170.0,85190794.0,86175163.0,87137206.0,88098496.0,89059375.0,90048227.0,91086501.0,92124775.0,93185491.0,94260487.0,95387101.0,96693224.0,98052082.0,99465658.0,100932080.0,102417285.0,103902224.0,105390013.0,106899618.0,108435961.0,109999153.0,111582888.0,113170609.0,114778942.0,116389538.0,118000466.0,119622347.0,121232784.0,122842623.0,124451827.0,126054477.0,127645313.0,129243818.0,130851666.0,132461858.0,134077515.0,135699649.0,137321476.0,138944523.0,140571769.0,142206504.0,143845741.0,145491473.0,147140958.0,148794399.0,150450516.0,152110384.0,153773013.0,155436294.0,157101250.0,2024-09-19 15:40:43+00:00
Ralriki/multilingual-e5-large-instruct-GGUF,0.0,0.0,0.0,0.0,0.0,0.0,0.0,0.0,0.0,0.0,0.0,0.0,0.0,0.0,0.0,0.0,0.0,0.0,0.0,0.0,0.0,0.0,0.0,0.0,0.0,0.0,0.0,0.0,0.0,0.0,0.0,0.0,0.0,0.0,0.0,0.0,0.0,9.0,53.0,128.0,222.0,368.0,515.0,670.0,837.0,1008.0,1202.0,1423.0,1648.0,1882.0,2144.0,2408.0,2676.0,2950.0,3234.0,3529.0,3832.0,4142.0,4452.0,4989.0,5540.0,6093.0,6651.0,7211.0,7773.0,8335.0,8903.0,9470.0,10001.0,10515.0,11029.0,11543.0,12008.0,12534.0,13051.0,13576.0,14081.0,14599.0,15093.0,15586.0,16079.0,16562.0,17045.0,17524.0,17993.0,18495.0,18997.0,19503.0,20009.0,20289.0,20556.0,20832.0,21120.0,21412.0,21710.0,22008.0,22304.0,22595.0,22891.0,23188.0,23471.0,23760.0,24076.0,24348.0,24600.0,24852.0,25103.0,25344.0,25594.0,25844.0,26099.0,26354.0,26635.0,26916.0,27199.0,27452.0,27689.0,27922.0,28170.0,28438.0,28722.0,29013.0,29299.0,29578.0,29863.0,30148.0,30447.0,30752.0,31096.0,31444.0,31797.0,32145.0,32462.0,32796.0,33133.0,33491.0,33878.0,34266.0,34648.0,35032.0,35417.0,35791.0,36146.0,36517.0,36891.0,37276.0,37657.0,38047.0,38419.0,38775.0,39125.0,39478.0,39819.0,40169.0,40519.0,40878.0,41231.0,41588.0,41906.0,42217.0,42528.0,42904.0,43292.0,43671.0,44058.0,44429.0,44796.0,45141.0,45523.0,45918.0,46318.0,46721.0,47122.0,47507.0,47892.0,48283.0,48675.0,49067.0,49483.0,49900.0,50318.0,50732.0,51151.0,51567.0,51972.0,52452.0,53263.0,54072.0,54944.0,55816.0,56677.0,57465.0,58281.0,59186.0,60088.0,60993.0,61919.0,62874.0,63836.0,64824.0,65844.0,66884.0,67922.0,69048.0,70189.0,71330.0,72476.0,73628.0,74773.0,75963.0,77160.0,78436.0,79710.0,80994.0,82287.0,94592.0,106600.0,118852.0,191997.0,330505.0,505055.0,755121.0,1085033.0,1445061.0,1876277.0,2477649.0,3244721.0,4167274.0,5371208.0,6703513.0,8239500.0,9785474.0,2024-08-07 12:38:02+00:00
unslothai/other,0.0,0.0,0.0,0.0,0.0,0.0,714.0,4092.0,11796.0,25280.0,44161.0,82456.0,126319.0,177666.0,241629.0,319124.0,409245.0,514286.0,630170.0,753586.0,885263.0,1029875.0,1174487.0,1355750.0,1556596.0,1774194.0,2000320.0,2241905.0,2507121.0,2798371.0,3114467.0,3460320.0,3820377.0,4194152.0,4578011.0,4990504.0,5427612.0,5883187.0,6361580.0,6855866.0,7356669.0,7850705.0,8358940.0,8887387.0,9424330.0,9964544.0,10506708.0,11044912.0,11582925.0,12136575.0,12723233.0,13324651.0,13938273.0,14560074.0,15188212.0,15820428.0,16469323.0,17143213.0,17819253.0,18496906.0,19168586.0,19817813.0,20461011.0,21109521.0,21791549.0,22503297.0,23258296.0,24046977.0,24833902.0,25668967.0,26553652.0,27497006.0,28494824.0,29533208.0,30596514.0,31696877.0,32820795.0,33990251.0,35180076.0,36367825.0,37542786.0,38690729.0,39838672.0,40940611.0,42025273.0,43114803.0,44204333.0,45284924.0,46365515.0,47420543.0,48468955.0,49557767.0,50667699.0,51815484.0,52955180.0,54063128.0,55109128.0,56101656.0,57106327.0,58066245.0,58983362.0,58983362.0,59825231.0,60607721.0,61356431.0,62081469.0,62790703.0,63465447.0,64128493.0,64789539.0,65443041.0,66096543.0,66785911.0,67496686.0,68222887.0,68955798.0,69679795.0,70391832.0,71103561.0,71832818.0,72578564.0,73302173.0,74013708.0,74691982.0,75366906.0,76041830.0,76730238.0,77475046.0,78278297.0,79179458.0,80102881.0,81009282.0,81899910.0,82799033.0,83739972.0,84715207.0,85717566.0,86745642.0,87784008.0,88840331.0,89931665.0,91111595.0,92313210.0,93551807.0,94809904.0,96080445.0,97365595.0,98682214.0,100032225.0,101418258.0,102825797.0,104290027.0,105774454.0,107270493.0,108796615.0,110343747.0,111896041.0,113458136.0,114993963.0,116438786.0,117883609.0,119327160.0,120811571.0,122306697.0,123783134.0,125229297.0,126638032.0,128021148.0,129401795.0,130790311.0,132161021.0,133491012.0,134735345.0,135928628.0,137121911.0,138260634.0,139396668.0,140510908.0,141592609.0,142631580.0,143647439.0,144593400.0,145521765.0,146437373.0,147315259.0,148179198.0,149027719.0,149844153.0,150617643.0,151391133.0,152113190.0,152790418.0,153445896.0,154187621.0,154923189.0,155656205.0,156404621.0,157175553.0,157949800.0,158715620.0,159498730.0,160290818.0,161110498.0,161974534.0,162860566.0,163779026.0,164696538.0,165625214.0,166576705.0,167521581.0,168485327.0,169467260.0,170461149.0,171464321.0,172486815.0,173522467.0,174564373.0,175635022.0,176749946.0,177895661.0,179063135.0,180249317.0,181462221.0,182691563.0,183983841.0,185320604.0,186714733.0,188161544.0,189635824.0,191115951.0,192606692.0,194129505.0,2024-07-07 16:49:02+00:00
peft-internal-testing/tiny-dummy-qwen2,0.0,0.0,0.0,5365.0,10730.0,16097.0,21464.0,26831.0,32198.0,37565.0,42932.0,48299.0,53666.0,59033.0,64400.0,69767.0,75136.0,92856.0,110580.0,128305.0,146031.0,169541.0,193051.0,316952.0,468451.0,644955.0,822504.0,1001998.0,1267814.0,1593179.0,1967345.0,2374615.0,2812011.0,3249916.0,3688445.0,4134633.0,4641005.0,5186218.0,5752132.0,6329763.0,6908420.0,7488109.0,8104403.0,8736808.0,9421822.0,10128099.0,10866841.0,11594265.0,12333068.0,13094867.0,13914247.0,14786283.0,15635361.0,16527597.0,17394490.0,18276977.0,19236345.0,20200090.0,21109399.0,21970131.0,22836383.0,23668018.0,24474264.0,25332320.0,26230109.0,27172814.0,28095435.0,28999443.0,29890193.0,30764366.0,31645149.0,32565419.0,33484303.0,34422949.0,35369375.0,36296043.0,37191384.0,38093538.0,39018911.0,39952713.0,40843955.0,41687357.0,42530759.0,43275848.0,44034531.0,44801530.0,45568529.0,46325976.0,47083423.0,47845202.0,48557627.0,49332818.0,50184476.0,51067320.0,51935141.0,52757829.0,53542150.0,54308116.0,55146203.0,56053778.0,57017569.0,57017569.0,58004747.0,58966624.0,59884015.0,60840216.0,61834915.0,62878478.0,63937325.0,65024052.0,66091397.0,67158742.0,68289929.0,69515209.0,70769833.0,72102667.0,73378565.0,74653699.0,75895968.0,77164098.0,78524840.0,79881696.0,81208326.0,82492185.0,83751774.0,85011363.0,86339948.0,87697879.0,88983549.0,90200861.0,91362399.0,92516049.0,93650874.0,94785543.0,95929976.0,97037309.0,98124374.0,99154721.0,100145343.0,101081408.0,102058071.0,103164492.0,104260401.0,105420168.0,106559746.0,107611202.0,108623908.0,109677296.0,110867990.0,112122547.0,113319137.0,114485766.0,115607609.0,116680390.0,117777360.0,118923933.0,120053927.0,121202677.0,122388386.0,123577169.0,124765952.0,125994738.0,127253605.0,128559233.0,129867771.0,131272850.0,132677015.0,134073596.0,135499911.0,136962787.0,138419557.0,139752470.0,141039806.0,142158667.0,143277528.0,144353063.0,145440624.0,146471811.0,147366123.0,148163660.0,148935640.0,149671526.0,150408669.0,151146199.0,151863646.0,152527244.0,153137123.0,153692246.0,154210939.0,154729632.0,155232933.0,155665790.0,156099768.0,156840329.0,157584691.0,158242005.0,158976106.0,159869531.0,160821809.0,161798564.0,162869251.0,163934865.0,165015617.0,166185192.0,167419464.0,168697644.0,170075674.0,171564652.0,173090849.0,174628269.0,176259310.0,177993258.0,179779039.0,181603922.0,183447687.0,185292524.0,187137842.0,189005691.0,190936575.0,192848225.0,194700102.0,196480990.0,198249722.0,199884069.0,201526092.0,203236054.0,204905822.0,206488050.0,208067601.0,209609680.0,211048365.0,212531040.0,2024-07-04 10:15:41+00:00
unslothai/repeat,0.0,0.0,0.0,0.0,0.0,0.0,0.0,1.0,2.0,3.0,4.0,5.0,6.0,142.0,5258.0,16189.0,32783.0,56006.0,84350.0,116205.0,152043.0,194146.0,236249.0,297822.0,369393.0,449139.0,534320.0,626776.0,730311.0,845823.0,973075.0,1112554.0,1259848.0,1413992.0,1573868.0,1746789.0,1931331.0,2126268.0,2333286.0,2549816.0,2772727.0,3002231.0,3242789.0,3495390.0,3754522.0,4016702.0,4281385.0,4545425.0,4810157.0,5082904.0,5368078.0,5660906.0,5960225.0,6260960.0,6562146.0,6865436.0,7177106.0,7498693.0,7824068.0,8151361.0,8475673.0,8791731.0,9104504.0,9420469.0,9750689.0,10089907.0,10441172.0,10805744.0,11172103.0,11550179.0,11943561.0,12354596.0,12780076.0,13216116.0,13658552.0,14109041.0,14566285.0,15038672.0,15519744.0,16001227.0,16476316.0,16939846.0,17403376.0,17843489.0,18278442.0,18716589.0,19154736.0,19592244.0,20029752.0,20452943.0,20873894.0,21311007.0,21760201.0,22222799.0,22684247.0,23138033.0,23574470.0,23994241.0,24416287.0,24831871.0,25243444.0,25243444.0,25639550.0,26021112.0,26395446.0,26831547.0,27671085.0,28614258.0,29590199.0,30671205.0,31905959.0,33140713.0,34782037.0,36819565.0,38875348.0,40941378.0,43007084.0,45321903.0,47651239.0,49991244.0,52344783.0,54695048.0,57042926.0,59386585.0,61741507.0,64096429.0,66473388.0,68876481.0,71316522.0,73782126.0,76274461.0,78769657.0,81267378.0,83778473.0,86308272.0,88795908.0,90890564.0,92881321.0,94836450.0,96690778.0,98403082.0,100117544.0,101486220.0,102482491.0,103470492.0,104453998.0,105440650.0,106277041.0,107036808.0,107801301.0,108569699.0,109357128.0,110148057.0,110940170.0,111738743.0,112549909.0,113352326.0,114154289.0,114933838.0,115690585.0,116447332.0,117189092.0,117956713.0,118742271.0,119535031.0,120336831.0,121141301.0,121955398.0,122797777.0,123663129.0,124527665.0,125380788.0,126223455.0,127102428.0,127981401.0,128950647.0,129968456.0,131010862.0,132092127.0,133229873.0,134388645.0,135650460.0,136961864.0,138387065.0,139819427.0,141286536.0,142887238.0,144522910.0,146271376.0,148019842.0,149746649.0,151458143.0,153193408.0,155037091.0,156860963.0,158671372.0,160482949.0,162293263.0,164088008.0,165862319.0,167649076.0,169435006.0,171217293.0,172985946.0,174662054.0,176345943.0,178007804.0,179646383.0,181260702.0,182800528.0,184314994.0,185744556.0,187110136.0,188392960.0,189642002.0,190866425.0,192029507.0,193194549.0,194255898.0,195321081.0,196381853.0,197427479.0,198443807.0,199468785.0,200532596.0,201629362.0,202760343.0,203943471.0,205156321.0,206375598.0,207593448.0,208843879.0,2024-07-07 16:55:01+00:00
MaziyarPanahi/gemma-2-2b-it-GGUF,0.0,0.0,0.0,0.0,0.0,0.0,0.0,0.0,0.0,0.0,0.0,0.0,0.0,0.0,0.0,0.0,0.0,0.0,0.0,0.0,0.0,0.0,0.0,0.0,0.0,0.0,0.0,0.0,0.0,0.0,0.0,5274.0,15857.0,29757.0,47800.0,72268.0,104128.0,149777.0,204220.0,267649.0,337916.0,428192.0,530454.0,648019.0,775920.0,908348.0,1054138.0,1208232.0,1362592.0,1517126.0,1671901.0,1826853.0,1981938.0,2137142.0,2292424.0,2447826.0,2603892.0,2760555.0,2917218.0,3074298.0,3231822.0,3384566.0,3532828.0,3677560.0,3818314.0,3959068.0,4086973.0,4207636.0,4313804.0,4410927.0,4500416.0,4589905.0,4647740.0,4691868.0,4724188.0,4752081.0,4766661.0,4772942.0,4778988.0,4784909.0,4790830.0,4796540.0,4802044.0,4807431.0,4812600.0,4817689.0,4822778.0,4827011.0,4831244.0,4834776.0,4837875.0,4841060.0,4844164.0,4846900.0,4849603.0,4852069.0,4854354.0,4856507.0,4858648.0,4860906.0,4863138.0,4863138.0,4865167.0,4867107.0,4869035.0,4870905.0,4872763.0,4874554.0,4876328.0,4878097.0,4880033.0,4881969.0,4883993.0,4886037.0,4888085.0,4890125.0,4904135.0,4943531.0,5009046.0,5105477.0,5245767.0,5400304.0,5575767.0,5773664.0,6008030.0,6242396.0,6695703.0,7251530.0,7947999.0,8797376.0,9755652.0,10799033.0,11983155.0,13235611.0,14558272.0,15992119.0,17520661.0,19125292.0,20819157.0,22618112.0,24443807.0,26286511.0,28129350.0,29972408.0,31815626.0,33659081.0,35494354.0,37362473.0,39204955.0,41050500.0,42858344.0,44645698.0,46413137.0,48160778.0,49911229.0,51688131.0,53405679.0,55061331.0,56717286.0,58362609.0,60007932.0,61496605.0,62917158.0,64336119.0,65840517.0,67358011.0,68967438.0,70706375.0,72505256.0,74401799.0,76355199.0,78319813.0,80288032.0,82346669.0,84405306.0,86625333.0,88845869.0,91066405.0,93331970.0,95566192.0,97801562.0,100037512.0,102274190.0,104587307.0,106874507.0,109210561.0,111638063.0,114099980.0,116453354.0,118806728.0,121094066.0,123329865.0,125581387.0,128194540.0,130747046.0,133237710.0,135553262.0,137670552.0,139698483.0,141555713.0,143328548.0,145046519.0,146787448.0,148455436.0,149993519.0,151511569.0,153078259.0,154599027.0,156090638.0,157630568.0,159171659.0,160715384.0,162282484.0,163835458.0,165338140.0,166716226.0,168004521.0,169247661.0,170544814.0,171787923.0,172876642.0,173875079.0,174776569.0,175664188.0,176525210.0,177348798.0,178200823.0,179084809.0,180057980.0,181085051.0,182157613.0,183287841.0,2024-08-01 07:46:41+00:00
SWivid/F5-TTS,0.0,0.0,0.0,0.0,0.0,0.0,0.0,0.0,0.0,0.0,0.0,0.0,0.0,0.0,0.0,0.0,0.0,0.0,0.0,0.0,0.0,0.0,0.0,0.0,0.0,0.0,0.0,0.0,0.0,0.0,0.0,0.0,0.0,0.0,0.0,0.0,0.0,0.0,0.0,0.0,0.0,0.0,0.0,0.0,0.0,0.0,0.0,0.0,0.0,0.0,0.0,0.0,0.0,0.0,0.0,0.0,0.0,0.0,0.0,0.0,0.0,0.0,0.0,0.0,0.0,0.0,0.0,0.0,0.0,0.0,0.0,0.0,0.0,0.0,0.0,0.0,0.0,0.0,0.0,0.0,0.0,0.0,0.0,0.0,0.0,0.0,0.0,0.0,0.0,0.0,0.0,0.0,0.0,0.0,0.0,0.0,0.0,0.0,0.0,0.0,0.0,0.0,0.0,0.0,0.0,0.0,0.0,42145.0,91088.0,151637.0,223170.0,294703.0,390253.0,499325.0,620601.0,754229.0,899832.0,1052871.0,1215990.0,1392095.0,1578585.0,1774124.0,1979184.0,2192823.0,2415559.0,2638295.0,2881700.0,3137066.0,3474772.0,3893448.0,4323718.0,4762689.0,5212397.0,5673025.0,6142922.0,6611924.0,7079601.0,7556507.0,8052238.0,8566804.0,9098658.0,9645620.0,10208354.0,10780204.0,11366831.0,11965778.0,12579463.0,13212404.0,13862085.0,14522610.0,15200494.0,15879708.0,16558729.0,17236588.0,17918332.0,18602215.0,19284625.0,19982103.0,20628138.0,21227529.0,21826920.0,22402331.0,22984743.0,23574476.0,24170382.0,24768207.0,25371410.0,25975251.0,26572359.0,27154067.0,27713588.0,28256386.0,28783675.0,29293352.0,29803029.0,30275981.0,30742750.0,31209519.0,31658821.0,32109233.0,32558240.0,33018167.0,33498173.0,34000896.0,34507417.0,35032816.0,35578327.0,36132256.0,36690156.0,37248056.0,37792665.0,38326132.0,38864541.0,39465622.0,40075056.0,40697986.0,41336178.0,42004798.0,42701955.0,43412182.0,44139702.0,44882739.0,45648097.0,46437483.0,47258112.0,48104467.0,48970020.0,49843727.0,50951665.0,52067370.0,53186232.0,54312176.0,55441256.0,56563940.0,57686802.0,58805670.0,59920518.0,61035091.0,62147808.0,63260311.0,64377468.0,65504469.0,66640231.0,67781941.0,68928524.0,70078589.0,71231257.0,72370641.0,73485147.0,74602545.0,75719799.0,76844349.0,2024-10-07 14:37:58+00:00
MaziyarPanahi/Qwen2.5-7B-Instruct-GGUF,0.0,0.0,0.0,0.0,0.0,0.0,0.0,0.0,0.0,0.0,0.0,0.0,0.0,0.0,0.0,0.0,0.0,0.0,0.0,0.0,0.0,0.0,0.0,0.0,0.0,0.0,0.0,0.0,0.0,0.0,0.0,0.0,0.0,0.0,0.0,0.0,0.0,0.0,0.0,0.0,0.0,0.0,0.0,0.0,0.0,0.0,0.0,0.0,0.0,0.0,0.0,0.0,0.0,0.0,0.0,0.0,0.0,0.0,0.0,0.0,0.0,0.0,0.0,0.0,0.0,0.0,0.0,0.0,0.0,0.0,0.0,0.0,0.0,0.0,0.0,0.0,0.0,0.0,0.0,132.0,264.0,412.0,561.0,711.0,887.0,1070.0,1253.0,1436.0,1641.0,1875.0,2133.0,2443.0,2833.0,3323.0,3963.0,4693.0,5509.0,6414.0,7404.0,8468.0,9571.0,9571.0,10713.0,11906.0,13115.0,14458.0,15815.0,17190.0,18573.0,19942.0,21181.0,22420.0,23665.0,24886.0,26110.0,27332.0,28557.0,29768.0,30973.0,32156.0,33317.0,34436.0,35483.0,36421.0,37229.0,38037.0,206190.0,477439.0,888659.0,1449418.0,2117857.0,2870634.0,3763827.0,4725499.0,5758221.0,6902435.0,8141422.0,9456870.0,10862461.0,12374132.0,13912628.0,15467492.0,17022640.0,18577926.0,20133364.0,21688903.0,23244577.0,24858436.0,26472529.0,28120936.0,29769474.0,31418503.0,33067652.0,34716854.0,36406158.0,38176666.0,39888448.0,41537654.0,43187911.0,44831291.0,46474671.0,47962468.0,49381710.0,50799579.0,52301860.0,53816621.0,55422745.0,57157917.0,58952880.0,60844885.0,62793734.0,64754673.0,66718309.0,68771772.0,70825235.0,73038279.0,75251369.0,77464459.0,79721376.0,81946123.0,84170906.0,86395734.0,88620585.0,90922605.0,93199142.0,95524970.0,97940153.0,100390417.0,102730588.0,105070759.0,107344880.0,109567995.0,111806553.0,114402520.0,116938163.0,119411254.0,121708794.0,123806456.0,125814705.0,127649762.0,129399045.0,131092125.0,132808154.0,134450837.0,135963924.0,137456718.0,138997571.0,140491790.0,141956309.0,143469715.0,144984722.0,146500464.0,148039967.0,149565808.0,151041542.0,152392203.0,153653560.0,154870682.0,156142532.0,157359679.0,158421759.0,159393568.0,160268171.0,161128510.0,161961539.0,162757074.0,163581270.0,164438115.0,165385106.0,166386222.0,167433619.0,168540545.0,2024-09-18 19:44:20+00:00
HuggingFaceTB/SmolLM2-360M-Instruct,0.0,0.0,0.0,0.0,0.0,0.0,0.0,0.0,0.0,0.0,0.0,0.0,0.0,0.0,0.0,0.0,0.0,0.0,0.0,0.0,0.0,0.0,0.0,0.0,0.0,0.0,0.0,0.0,0.0,0.0,0.0,0.0,0.0,0.0,0.0,0.0,0.0,0.0,0.0,0.0,0.0,0.0,0.0,0.0,0.0,0.0,0.0,0.0,0.0,0.0,0.0,0.0,0.0,0.0,0.0,0.0,0.0,0.0,0.0,0.0,0.0,0.0,0.0,0.0,0.0,0.0,0.0,0.0,0.0,0.0,0.0,0.0,0.0,0.0,0.0,0.0,0.0,0.0,0.0,0.0,0.0,0.0,0.0,0.0,0.0,0.0,0.0,0.0,0.0,0.0,0.0,0.0,0.0,0.0,0.0,0.0,0.0,0.0,0.0,0.0,0.0,0.0,0.0,0.0,0.0,0.0,0.0,0.0,0.0,0.0,0.0,0.0,0.0,0.0,0.0,0.0,0.0,0.0,0.0,0.0,0.0,0.0,465.0,1682.0,3898.0,6114.0,10973.0,16937.0,23896.0,31847.0,40404.0,50463.0,61760.0,74727.0,89297.0,107670.0,127953.0,149419.0,171521.0,194348.0,219101.0,247409.0,277032.0,307696.0,339354.0,371268.0,403685.0,437724.0,473056.0,509529.0,547038.0,586310.0,625963.0,665683.0,705209.0,745100.0,785504.0,826902.0,869291.0,911539.0,953787.0,1003641.0,1060706.0,1123323.0,1192833.0,1289734.0,1420478.0,1587899.0,1799121.0,2047058.0,2313854.0,2601312.0,2904100.0,3248127.0,3592154.0,3992311.0,4428344.0,4864377.0,5339142.0,5882023.0,6472907.0,7107051.0,7781061.0,8498632.0,9228675.0,10002785.0,10813933.0,11663638.0,12551400.0,13439162.0,14346683.0,15264666.0,16204480.0,17276112.0,18381029.0,19494693.0,20626042.0,21752730.0,22877303.0,24006083.0,25147543.0,26329887.0,27517363.0,28712938.0,29935551.0,31153805.0,32386241.0,33639099.0,34919690.0,36169273.0,37396305.0,38629418.0,39886243.0,41155109.0,42434238.0,43699064.0,44945067.0,46175340.0,47435096.0,48717090.0,50004441.0,51274599.0,52526880.0,53766646.0,55042410.0,56339521.0,57653997.0,58934776.0,60178096.0,61376541.0,62545204.0,63650196.0,2024-10-31 13:41:35+00:00
MaziyarPanahi/Mistral-Nemo-Instruct-2407-GGUF,0.0,0.0,0.0,0.0,0.0,0.0,0.0,0.0,0.0,0.0,0.0,0.0,0.0,0.0,0.0,0.0,0.0,0.0,0.0,0.0,0.0,846.0,1692.0,4809.0,8363.0,12224.0,16211.0,20386.0,24845.0,29391.0,33971.0,38588.0,43242.0,47913.0,52600.0,57306.0,62030.0,66820.0,71644.0,76485.0,81340.0,86208.0,91087.0,95998.0,100943.0,105893.0,110855.0,115821.0,120806.0,125805.0,130821.0,135079.0,138991.0,141019.0,142727.0,143979.0,145109.0,146048.0,146855.0,147441.0,148003.0,148519.0,149053.0,149563.0,150071.0,150592.0,151111.0,151579.0,152023.0,152456.0,152890.0,153351.0,153844.0,154371.0,154867.0,155362.0,155930.0,156551.0,157174.0,157813.0,158452.0,159085.0,159718.0,160360.0,160974.0,161583.0,162192.0,162850.0,163508.0,164169.0,164846.0,165558.0,166258.0,166991.0,167720.0,168527.0,169329.0,170125.0,170921.0,171720.0,172524.0,172524.0,173268.0,173993.0,174777.0,175559.0,176268.0,176932.0,177590.0,178244.0,178891.0,179538.0,180234.0,181977.0,183728.0,185474.0,199116.0,238182.0,303426.0,399526.0,539732.0,695130.0,871716.0,1073460.0,1311832.0,1550204.0,2010090.0,2572455.0,3274357.0,4126706.0,5089520.0,6137123.0,7325267.0,8581738.0,9908202.0,11345904.0,12878865.0,14488184.0,16186410.0,17989625.0,19819446.0,21666274.0,23513182.0,25359199.0,27205401.0,29051735.0,30890008.0,32760862.0,34606046.0,36454354.0,38264903.0,40054741.0,41823544.0,43569539.0,45317818.0,47091623.0,48803825.0,50454030.0,52105389.0,53748590.0,55391791.0,56877049.0,58293654.0,59708051.0,61206933.0,62730984.0,64346812.0,66091633.0,67911229.0,69833966.0,71822371.0,73826630.0,75839495.0,77942894.0,80046293.0,82309705.0,84573065.0,86836425.0,89143466.0,91417962.0,93692266.0,95966785.0,98241400.0,100592661.0,102917700.0,105291463.0,107756706.0,110255857.0,112647393.0,115038929.0,117365114.0,119640174.0,121934543.0,124605282.0,127215272.0,129754881.0,132114403.0,134279121.0,136346867.0,138234655.0,140029847.0,141763650.0,143516508.0,145193285.0,146741579.0,148269831.0,149844719.0,151374118.0,152874198.0,154423298.0,155973031.0,157522985.0,159095913.0,160654547.0,162162369.0,163545687.0,164838195.0,166085458.0,167385094.0,168628380.0,169708925.0,170696709.0,171582888.0,172456960.0,173302333.0,174109952.0,174944870.0,175807559.0,176755307.0,177756391.0,178802566.0,179906320.0,2024-07-18 14:49:08+00:00
MaziyarPanahi/Llama-3.2-1B-Instruct-GGUF,0.0,0.0,0.0,0.0,0.0,0.0,0.0,0.0,0.0,0.0,0.0,0.0,0.0,0.0,0.0,0.0,0.0,0.0,0.0,0.0,0.0,0.0,0.0,0.0,0.0,0.0,0.0,0.0,0.0,0.0,0.0,0.0,0.0,0.0,0.0,0.0,0.0,0.0,0.0,0.0,0.0,0.0,0.0,0.0,0.0,0.0,0.0,0.0,0.0,0.0,0.0,0.0,0.0,0.0,0.0,0.0,0.0,0.0,0.0,0.0,0.0,0.0,0.0,0.0,0.0,0.0,0.0,0.0,0.0,0.0,0.0,0.0,0.0,0.0,0.0,0.0,0.0,0.0,0.0,0.0,0.0,0.0,0.0,0.0,0.0,0.0,0.0,0.0,2488.0,6712.0,16392.0,32344.0,48424.0,64579.0,82910.0,103626.0,128278.0,155645.0,189630.0,226738.0,267284.0,313962.0,365356.0,428594.0,494748.0,565002.0,638142.0,714778.0,797715.0,885148.0,977510.0,1069872.0,1174691.0,1285696.0,1404423.0,1532154.0,1676891.0,1844781.0,2037349.0,2260705.0,2523051.0,2793741.0,3085442.0,3399566.0,3748488.0,4097410.0,4658364.0,5318822.0,6112621.0,7052635.0,8096664.0,9219756.0,10478490.0,11792880.0,13175196.0,14664739.0,16245906.0,17899846.0,19640573.0,21478432.0,23338309.0,25207870.0,27073429.0,28930949.0,30780955.0,32622369.0,34450238.0,36310477.0,38145263.0,39982946.0,41782366.0,43561215.0,45319255.0,47056988.0,48796296.0,50561485.0,52267892.0,53912415.0,55558021.0,57196747.0,58835473.0,60318500.0,61732958.0,63145288.0,64642088.0,66151479.0,67752676.0,69482793.0,71272942.0,73159457.0,75102404.0,77057499.0,79015371.0,81062321.0,83109271.0,85315713.0,87522165.0,89728617.0,91978532.0,94196264.0,96414230.0,98633010.0,100852217.0,103148194.0,105419095.0,107740047.0,110150315.0,112595988.0,114931981.0,117267974.0,119538371.0,121758295.0,123994447.0,126589341.0,129123676.0,131595620.0,133892153.0,135989451.0,137997566.0,139834445.0,141586093.0,143282271.0,145001740.0,146649166.0,148167292.0,149664732.0,151210886.0,152710926.0,154181528.0,155700902.0,157220547.0,158740104.0,160281921.0,161809195.0,163286421.0,164637611.0,165898342.0,167113750.0,168383811.0,169598165.0,170657798.0,171626581.0,172499194.0,173356924.0,174185960.0,174977840.0,175797971.0,176650139.0,177592324.0,178588136.0,179629804.0,180730235.0,2024-09-25 19:26:01+00:00
MaziyarPanahi/Meta-Llama-3.1-70B-Instruct-GGUF,0.0,0.0,0.0,0.0,0.0,0.0,0.0,0.0,0.0,0.0,0.0,0.0,0.0,0.0,0.0,0.0,0.0,0.0,0.0,0.0,0.0,0.0,0.0,19585.0,53129.0,101336.0,161411.0,230176.0,300543.0,379820.0,462117.0,545125.0,628828.0,713011.0,797577.0,882945.0,969022.0,1055589.0,1142644.0,1230106.0,1317938.0,1406207.0,1495085.0,1584637.0,1674647.0,1765013.0,1855722.0,1946735.0,2038185.0,2129988.0,2222503.0,2315479.0,2408915.0,2484709.0,2546442.0,2597210.0,2633096.0,2659418.0,2685740.0,2709474.0,2722489.0,2734777.0,2746508.0,2757751.0,2768752.0,2779753.0,2789529.0,2798914.0,2807737.0,2816260.0,2824461.0,2832392.0,2839751.0,2846679.0,2852987.0,2859037.0,2864730.0,2870177.0,2875243.0,2880017.0,2884791.0,2888431.0,2892071.0,2895260.0,2897620.0,2899857.0,2902094.0,2904119.0,2906144.0,2907931.0,2909731.0,2911493.0,2913188.0,2914856.0,2916420.0,2917863.0,2919234.0,2920581.0,2921828.0,2923013.0,2924157.0,2924157.0,2925169.0,2926187.0,2927157.0,2928099.0,2929019.0,2929912.0,2930805.0,2931696.0,2932569.0,2933442.0,2934317.0,2935214.0,2936117.0,2937040.0,2949936.0,2988179.0,3052610.0,3157569.0,3306323.0,3470012.0,3654707.0,3862083.0,4106180.0,4350277.0,4813020.0,5378202.0,6083429.0,6937854.0,7900664.0,8947734.0,10135434.0,11391894.0,12718901.0,14157548.0,15694248.0,17307473.0,19010005.0,20817586.0,22651914.0,24503165.0,26354859.0,28206732.0,30058883.0,31911334.0,33755595.0,35632420.0,37483613.0,39338031.0,41145128.0,42931647.0,44697574.0,46443436.0,48191203.0,49964944.0,51679672.0,53332424.0,54986640.0,56633565.0,58280490.0,59771624.0,61194016.0,62613674.0,64117635.0,65633833.0,67238172.0,68971223.0,70763720.0,72661516.0,74615917.0,76581960.0,78551294.0,80610070.0,82668846.0,84887187.0,87105926.0,89324665.0,91588054.0,93819155.0,96050829.0,98283453.0,100516499.0,102826834.0,105111684.0,107445822.0,109871072.0,112331098.0,114681999.0,117032900.0,119318142.0,121552108.0,123802461.0,126413657.0,128964408.0,131452879.0,133767195.0,135882465.0,137908849.0,139755601.0,141517556.0,143224481.0,144954463.0,146611348.0,148140161.0,149648904.0,151205235.0,152715552.0,154196605.0,155726610.0,157256766.0,158788441.0,160342581.0,161881663.0,163369090.0,164729342.0,165997934.0,167220234.0,168495309.0,169715441.0,170778890.0,171750349.0,172622779.0,173479426.0,174306517.0,175095803.0,175912130.0,176759572.0,177695478.0,178685836.0,179721653.0,180814227.0,2024-07-23 16:17:23+00:00
MaziyarPanahi/Yi-Coder-1.5B-Chat-GGUF,0.0,0.0,0.0,0.0,0.0,0.0,0.0,0.0,0.0,0.0,0.0,0.0,0.0,0.0,0.0,0.0,0.0,0.0,0.0,0.0,0.0,0.0,0.0,0.0,0.0,0.0,0.0,0.0,0.0,0.0,0.0,0.0,0.0,0.0,0.0,0.0,0.0,0.0,0.0,0.0,0.0,0.0,0.0,0.0,0.0,0.0,0.0,0.0,0.0,0.0,0.0,0.0,0.0,0.0,0.0,0.0,0.0,0.0,0.0,0.0,0.0,0.0,0.0,0.0,0.0,0.0,251.0,514.0,786.0,1073.0,1375.0,1687.0,2043.0,2409.0,2818.0,3227.0,3660.0,4125.0,4610.0,5127.0,5644.0,6180.0,6723.0,7266.0,7840.0,8446.0,9052.0,9658.0,10396.0,11169.0,11953.0,12766.0,13596.0,14440.0,15302.0,16017.0,16659.0,17298.0,17936.0,18566.0,19188.0,19188.0,19801.0,20389.0,20935.0,21564.0,22170.0,22763.0,23322.0,23862.0,24371.0,24880.0,25400.0,25893.0,26377.0,26844.0,39392.0,77214.0,141135.0,236089.0,374892.0,528481.0,703062.0,900125.0,1133799.0,1367473.0,1819816.0,2374411.0,3068669.0,3912048.0,4863151.0,5898289.0,7073719.0,8317240.0,9631091.0,11056064.0,12575432.0,14170928.0,15856051.0,17645773.0,19461982.0,21294522.0,23127062.0,24959624.0,26792189.0,28624780.0,30448945.0,32305381.0,34136025.0,35969484.0,37765037.0,39540070.0,41294319.0,43028257.0,44764082.0,46525233.0,48227163.0,49867068.0,51508307.0,53142566.0,54776825.0,56255689.0,57665951.0,59074132.0,60566951.0,62072392.0,63669577.0,65395918.0,67181974.0,69064381.0,71004120.0,72955947.0,74910793.0,76954945.0,78999097.0,81202961.0,83406823.0,85610685.0,87858201.0,90073299.0,92288655.0,94504009.0,96719265.0,99011239.0,101277736.0,103593210.0,105998287.0,108437901.0,110767690.0,113097479.0,115361720.0,117574937.0,119803594.0,122389530.0,124914416.0,127376772.0,129663447.0,131750263.0,133747432.0,135573117.0,137313205.0,138997224.0,140704018.0,142338264.0,143842858.0,145326837.0,146858606.0,148343902.0,149799473.0,151303667.0,152808041.0,154313163.0,155840202.0,157352644.0,158813769.0,160149349.0,161394580.0,162595102.0,163850032.0,165049880.0,166094463.0,167048976.0,167905429.0,168747433.0,169560808.0,170337092.0,171142089.0,171979308.0,172906807.0,173888279.0,174916137.0,176002685.0,2024-09-04 14:24:50+00:00
MaziyarPanahi/Meta-Llama-3.1-8B-Instruct-GGUF,0.0,0.0,0.0,0.0,0.0,0.0,0.0,0.0,0.0,0.0,0.0,0.0,0.0,0.0,0.0,0.0,0.0,0.0,0.0,0.0,0.0,0.0,0.0,11476.0,23593.0,36902.0,50360.0,72952.0,95929.0,119158.0,142489.0,165955.0,189517.0,213126.0,236921.0,260779.0,285884.0,312472.0,339393.0,366430.0,393508.0,420654.0,447886.0,475245.0,502674.0,530191.0,557752.0,585855.0,614050.0,642312.0,670651.0,699073.0,719634.0,738482.0,755214.0,770674.0,786067.0,797769.0,803782.0,809681.0,815449.0,821140.0,826793.0,832426.0,838081.0,843606.0,848609.0,851939.0,854607.0,857203.0,859816.0,862410.0,864989.0,867628.0,870292.0,872987.0,875686.0,877949.0,880118.0,882260.0,884402.0,886430.0,888458.0,890398.0,892201.0,893989.0,895777.0,897503.0,899229.0,900845.0,902411.0,903942.0,905447.0,906957.0,908429.0,909851.0,911162.0,912439.0,913715.0,915064.0,916391.0,916391.0,917598.0,918691.0,919874.0,921108.0,922335.0,923529.0,924731.0,925931.0,927112.0,928293.0,929576.0,930883.0,932167.0,933434.0,946615.0,985220.0,1049962.0,1145528.0,1284983.0,1439292.0,1614447.0,1812013.0,2046120.0,2280227.0,2732759.0,3287473.0,3981447.0,4824374.0,5776366.0,6812537.0,7989033.0,9233729.0,10548323.0,11974006.0,13494642.0,15091539.0,16777345.0,18568072.0,20385122.0,22219071.0,24053031.0,25886972.0,27720925.0,29554906.0,31380435.0,33238260.0,35070242.0,36905055.0,38702017.0,40478421.0,42234036.0,43969357.0,45706638.0,47469591.0,49173577.0,50815580.0,52458893.0,54095162.0,55731431.0,57211437.0,58622948.0,60032278.0,61526109.0,63032448.0,64629790.0,66356039.0,68141871.0,70024915.0,71964880.0,73917017.0,75872718.0,77917696.0,79962674.0,82168271.0,84373911.0,86579551.0,88828996.0,91046052.0,93263142.0,95480272.0,97697590.0,99991770.0,102260183.0,104577189.0,106984874.0,109426461.0,111758998.0,114091535.0,116358665.0,118574265.0,120805956.0,123398054.0,125929266.0,128397747.0,130692528.0,132787660.0,134793569.0,136628008.0,138377533.0,140070976.0,141787072.0,143429433.0,144943238.0,146435344.0,147974054.0,149467385.0,150931138.0,152445390.0,153959812.0,155474467.0,157010564.0,158531630.0,160001058.0,161344172.0,162596321.0,163803103.0,165063189.0,166266533.0,167313080.0,168268552.0,169125686.0,169969698.0,170784748.0,171562405.0,172366586.0,173202689.0,174127321.0,175107867.0,176133117.0,177217036.0,2024-07-23 16:17:10+00:00
MaziyarPanahi/Qwen2.5-1.5B-Instruct-GGUF,0.0,0.0,0.0,0.0,0.0,0.0,0.0,0.0,0.0,0.0,0.0,0.0,0.0,0.0,0.0,0.0,0.0,0.0,0.0,0.0,0.0,0.0,0.0,0.0,0.0,0.0,0.0,0.0,0.0,0.0,0.0,0.0,0.0,0.0,0.0,0.0,0.0,0.0,0.0,0.0,0.0,0.0,0.0,0.0,0.0,0.0,0.0,0.0,0.0,0.0,0.0,0.0,0.0,0.0,0.0,0.0,0.0,0.0,0.0,0.0,0.0,0.0,0.0,0.0,0.0,0.0,0.0,0.0,0.0,0.0,0.0,0.0,0.0,0.0,0.0,0.0,0.0,0.0,0.0,118.0,236.0,366.0,508.0,670.0,836.0,1027.0,1218.0,1409.0,1650.0,1933.0,2230.0,2565.0,2953.0,3442.0,4044.0,4728.0,5469.0,6280.0,7169.0,8116.0,9103.0,9103.0,10142.0,11214.0,12300.0,13522.0,14750.0,16002.0,17260.0,18504.0,19633.0,20762.0,21919.0,23054.0,24195.0,25324.0,26446.0,27540.0,28617.0,29682.0,30759.0,31815.0,32821.0,33729.0,34547.0,35365.0,203544.0,473991.0,884344.0,1443959.0,2111034.0,2862110.0,3753487.0,4712920.0,5742882.0,6883956.0,8119151.0,9430458.0,10831703.0,12337341.0,13869542.0,15417843.0,16966144.0,18514460.0,20062783.0,21611168.0,23159585.0,24766094.0,26372600.0,28013176.0,29653751.0,31294342.0,32934938.0,34575543.0,36255656.0,38016821.0,39719102.0,41359358.0,43000641.0,44635033.0,46269425.0,47748463.0,49158925.0,50567378.0,52060450.0,53566285.0,55163913.0,56890848.0,58677659.0,60560657.0,62500539.0,64452499.0,66407342.0,68451414.0,70495486.0,72699135.0,74902793.0,77106451.0,79353872.0,81568865.0,83783833.0,85998872.0,88213993.0,90505923.0,92772382.0,95088185.0,97493190.0,99933078.0,102262946.0,104592814.0,106857148.0,109070505.0,111299132.0,113885023.0,116409830.0,118871946.0,121158402.0,123245006.0,125241991.0,127067710.0,128807891.0,130492044.0,132198867.0,133832994.0,135337372.0,136820947.0,138352395.0,139837125.0,141292207.0,142795867.0,144299889.0,145804173.0,147330055.0,148841227.0,150300966.0,151634934.0,152878187.0,154076340.0,155328866.0,156525594.0,157566556.0,158516795.0,159368677.0,160205826.0,161014142.0,161784848.0,162584031.0,163415221.0,164336418.0,165311165.0,166332241.0,167412064.0,2024-09-18 18:20:28+00:00
MaziyarPanahi/solar-pro-preview-instruct-GGUF,0.0,0.0,0.0,0.0,0.0,0.0,0.0,0.0,0.0,0.0,0.0,0.0,0.0,0.0,0.0,0.0,0.0,0.0,0.0,0.0,0.0,0.0,0.0,0.0,0.0,0.0,0.0,0.0,0.0,0.0,0.0,0.0,0.0,0.0,0.0,0.0,0.0,0.0,0.0,0.0,0.0,0.0,0.0,0.0,0.0,0.0,0.0,0.0,0.0,0.0,0.0,0.0,0.0,0.0,0.0,0.0,0.0,0.0,0.0,0.0,0.0,0.0,0.0,0.0,0.0,0.0,0.0,0.0,0.0,0.0,0.0,0.0,0.0,0.0,81.0,6268.0,13005.0,20022.0,27419.0,34976.0,42533.0,50165.0,57867.0,65577.0,73344.0,81261.0,89178.0,97095.0,105333.0,113773.0,122295.0,130931.0,139698.0,148559.0,157541.0,166710.0,176103.0,185716.0,195466.0,205342.0,215311.0,225390.0,235546.0,245852.0,256184.0,260502.0,264328.0,267942.0,271351.0,274534.0,277598.0,280662.0,283694.0,286719.0,289649.0,292571.0,307521.0,348055.0,425910.0,534813.0,687885.0,855738.0,1044591.0,1255842.0,1503698.0,1751554.0,2217546.0,2791374.0,3518367.0,4394533.0,5378315.0,6446095.0,7654393.0,8930746.0,10277761.0,11736036.0,13288745.0,14917721.0,16636670.0,18460236.0,20310388.0,22176963.0,24043617.0,25910359.0,27777267.0,29644412.0,31503294.0,33394255.0,35249751.0,37106595.0,38927788.0,40728474.0,42508463.0,44268251.0,46029994.0,47817309.0,49545691.0,51206433.0,52854908.0,54496560.0,56138212.0,57624650.0,59042505.0,60458310.0,61958602.0,63471719.0,65076515.0,66810587.0,68604410.0,70494683.0,72442308.0,74401916.0,76364331.0,78416076.0,80467821.0,82678894.0,84889905.0,87100916.0,89355508.0,91577647.0,93797380.0,96017128.0,98236797.0,100533115.0,102803941.0,105124192.0,107534485.0,109979356.0,112314306.0,114649256.0,116918492.0,119136460.0,121369814.0,123960851.0,126491003.0,128958283.0,131249874.0,133341772.0,135344170.0,137175058.0,138919842.0,140608656.0,142320304.0,143959227.0,145468450.0,146956969.0,148493377.0,149983203.0,151443310.0,152951879.0,154460505.0,155969421.0,157499732.0,159015049.0,160478718.0,161816197.0,163062065.0,164262457.0,165516948.0,166715744.0,167758533.0,168710382.0,169563769.0,170401974.0,171211035.0,171982328.0,172781731.0,173612662.0,174533168.0,175507159.0,176527231.0,177605518.0,2024-09-13 13:44:40+00:00
MaziyarPanahi/mathstral-7B-v0.1-GGUF,0.0,0.0,0.0,0.0,0.0,0.0,0.0,0.0,0.0,0.0,0.0,0.0,0.0,0.0,0.0,16975.0,54141.0,103529.0,155177.0,212131.0,278601.0,366807.0,455013.0,547680.0,640482.0,733306.0,826174.0,919097.0,1012101.0,1105117.0,1202435.0,1299785.0,1397148.0,1494517.0,1591894.0,1689320.0,1786793.0,1884333.0,1981935.0,2079580.0,2177252.0,2274977.0,2372756.0,2470690.0,2568652.0,2654806.0,2715652.0,2764303.0,2810726.0,2851851.0,2883461.0,2898258.0,2903745.0,2909222.0,2914546.0,2919834.0,2925100.0,2930352.0,2935532.0,2940734.0,2941643.0,2942525.0,2943395.0,2944262.0,2945132.0,2945972.0,2946786.0,2947531.0,2948228.0,2948884.0,2949515.0,2950146.0,2950679.0,2951113.0,2951481.0,2951833.0,2952174.0,2952507.0,2952813.0,2953118.0,2953423.0,2953720.0,2954017.0,2954318.0,2954604.0,2954900.0,2955196.0,2955506.0,2955816.0,2956103.0,2956404.0,2956759.0,2957178.0,2957728.0,2958399.0,2959267.0,2960223.0,2961256.0,2962363.0,2963663.0,2964998.0,2964998.0,2966418.0,2967831.0,2969246.0,2970668.0,2972106.0,2973568.0,2975048.0,2976527.0,2978005.0,2979483.0,2980983.0,2982483.0,2983996.0,2985527.0,2998913.0,3037708.0,3102734.0,3198536.0,3338321.0,3492930.0,3668319.0,3866028.0,4100144.0,4334260.0,4786684.0,5342278.0,6036977.0,6880643.0,7832677.0,8868688.0,10044982.0,11289364.0,12603641.0,14029053.0,15549505.0,17146089.0,18831415.0,20621683.0,22438258.0,24271889.0,26105508.0,27939129.0,29772748.0,31606400.0,33431692.0,35289291.0,37121035.0,38955580.0,40752230.0,42528291.0,44283523.0,46018553.0,47755665.0,49518348.0,51221961.0,52862603.0,54504363.0,56139135.0,57773907.0,59253188.0,60663929.0,62072620.0,63566000.0,65072122.0,66668955.0,68394986.0,70180836.0,72063914.0,74003294.0,75954427.0,77909339.0,79953762.0,81998185.0,84202287.0,86406333.0,88610379.0,90858149.0,93073619.0,95289124.0,97504628.0,99720134.0,102012364.0,104278315.0,106592744.0,108997758.0,111436710.0,113766783.0,116096856.0,118361385.0,120574133.0,122802998.0,125389165.0,127914188.0,130376365.0,132662987.0,134749726.0,136746864.0,138572387.0,140312575.0,141996797.0,143703698.0,145336165.0,146840302.0,148323590.0,149853070.0,151337384.0,152791969.0,154294983.0,155798013.0,157301088.0,158825494.0,160334927.0,161792778.0,163124426.0,164365142.0,165560241.0,166808326.0,168001836.0,169039370.0,169985968.0,170834024.0,171667313.0,172471638.0,173238521.0,174033628.0,174860544.0,175775795.0,176746173.0,177761886.0,178835737.0,2024-07-16 15:06:23+00:00
black-forest-labs/FLUX.1-schnell,0.0,0.0,0.0,0.0,0.0,0.0,0.0,0.0,0.0,0.0,0.0,0.0,0.0,0.0,0.0,0.0,0.0,0.0,0.0,0.0,0.0,0.0,0.0,0.0,0.0,0.0,0.0,0.0,0.0,0.0,0.0,0.0,0.0,0.0,0.0,20198.0,72148.0,161300.0,409831.0,682201.0,982576.0,1311921.0,1704297.0,2201875.0,2791210.0,3471618.0,4235629.0,5106250.0,6049927.0,7107503.0,8273073.0,9527245.0,10863598.0,12275720.0,13775256.0,15354432.0,17013394.0,18748747.0,20484100.0,22335165.0,24213397.0,26108891.0,27982653.0,29864595.0,31762515.0,33660435.0,35548852.0,37435869.0,39309004.0,41185546.0,43076429.0,44969676.0,46837763.0,48654733.0,50397826.0,52088851.0,53723235.0,55309448.0,56830834.0,58288349.0,59745864.0,61093591.0,62358870.0,63543713.0,64600013.0,65606546.0,66613079.0,67563930.0,68514781.0,69401180.0,70270861.0,71174920.0,72113930.0,73088006.0,74053224.0,75018201.0,75969710.0,76918711.0,77879306.0,78890635.0,79936601.0,80986788.0,82040023.0,83086420.0,84129145.0,85192213.0,86274422.0,87350076.0,88417200.0,89485990.0,90565185.0,91644380.0,92765876.0,93904524.0,95056799.0,96214297.0,97353041.0,98456012.0,99533032.0,100615727.0,101806640.0,103094736.0,104471735.0,105906479.0,107447273.0,108988067.0,110711027.0,112523872.0,114429479.0,116373599.0,118351915.0,120315669.0,122272667.0,124239287.0,126221079.0,128196961.0,130148605.0,132100943.0,134059039.0,136023222.0,138000330.0,139991549.0,141992448.0,144015052.0,146048487.0,148098002.0,150144565.0,152203795.0,154273794.0,156349775.0,158363805.0,160275420.0,162127691.0,163882594.0,165524457.0,167083769.0,168546456.0,169913121.0,171188644.0,172364137.0,173539630.0,174594349.0,175653587.0,176708148.0,177761356.0,178808599.0,179856639.0,180910182.0,181955970.0,182999699.0,184028656.0,185025932.0,185997181.0,186940478.0,187883775.0,188769743.0,189639452.0,190509161.0,191347793.0,192188697.0,193021398.0,193836101.0,194605429.0,195329400.0,196035456.0,196739794.0,197433383.0,198119650.0,198793940.0,199468230.0,200110707.0,200734763.0,201354870.0,202028231.0,202700693.0,203354708.0,204005576.0,204633570.0,205261658.0,205889533.0,206520565.0,207159889.0,207811694.0,208471768.0,209149724.0,209852658.0,210570460.0,211307677.0,212062525.0,212812713.0,213569023.0,214343537.0,215138707.0,215944048.0,216761281.0,217590503.0,218432397.0,219283066.0,220158930.0,221054040.0,221969528.0,222903414.0,223893488.0,224873258.0,225860628.0,226857050.0,227878550.0,228919939.0,229969301.0,231016374.0,232065533.0,233126440.0,2024-07-31 19:58:05+00:00
laurievb/OpenLID-v2,0.0,0.0,0.0,0.0,0.0,0.0,0.0,0.0,0.0,0.0,0.0,0.0,0.0,0.0,0.0,0.0,0.0,0.0,0.0,0.0,0.0,0.0,0.0,0.0,0.0,0.0,0.0,0.0,0.0,0.0,0.0,0.0,0.0,0.0,0.0,0.0,0.0,0.0,0.0,0.0,0.0,0.0,0.0,0.0,0.0,0.0,0.0,0.0,0.0,0.0,0.0,0.0,0.0,0.0,0.0,0.0,0.0,0.0,0.0,0.0,0.0,0.0,0.0,0.0,0.0,0.0,0.0,0.0,0.0,0.0,0.0,0.0,0.0,0.0,0.0,0.0,0.0,0.0,0.0,0.0,0.0,0.0,0.0,0.0,0.0,0.0,0.0,0.0,0.0,0.0,0.0,0.0,0.0,0.0,0.0,0.0,0.0,0.0,0.0,0.0,0.0,0.0,0.0,0.0,0.0,0.0,0.0,0.0,0.0,0.0,0.0,0.0,0.0,0.0,0.0,0.0,0.0,0.0,0.0,0.0,0.0,0.0,0.0,0.0,0.0,0.0,0.0,0.0,0.0,0.0,0.0,0.0,0.0,0.0,5.0,13.0,21.0,29.0,37.0,45.0,53.0,61.0,69.0,78.0,88.0,102.0,116.0,130.0,145.0,163.0,187.0,213.0,239.0,266.0,293.0,320.0,350.0,380.0,416.0,452.0,488.0,528.0,569.0,610.0,646.0,679.0,712.0,745.0,778.0,811.0,844.0,877.0,922.0,966.0,1010.0,1050.0,1089.0,1128.0,1168.0,1207.0,1240.0,1272.0,1304.0,1335.0,21773.0,42546.0,63327.0,84108.0,104883.0,125658.0,146433.0,167204.0,187991.0,208804.0,229617.0,250430.0,2216602.0,6188922.0,10403277.0,15025630.0,19717913.0,24410238.0,29357782.0,34726919.0,40441361.0,46155842.0,51870325.0,57584808.0,63299291.0,69013771.0,74728251.0,80442737.0,86157251.0,91871766.0,97585936.0,103279717.0,108973498.0,114667284.0,120361284.0,126056360.0,131752401.0,137449484.0,143147619.0,148846705.0,154546746.0,160247769.0,165084206.0,166835206.0,168430759.0,169604726.0,170638631.0,171672860.0,2024-11-12 14:25:43+00:00
vikp/surya_det3,0.0,0.0,0.0,0.0,0.0,0.0,0.0,0.0,0.0,0.0,0.0,869.0,2428.0,5579.0,12111.0,23959.0,42121.0,65218.0,93110.0,123955.0,159528.0,201965.0,244402.0,298112.0,357103.0,420892.0,487853.0,560695.0,639773.0,723735.0,812354.0,906077.0,1004454.0,1106845.0,1213114.0,1326367.0,1445235.0,1564103.0,1694019.0,1832294.0,1979187.0,2134440.0,2306037.0,2483021.0,2666673.0,2854225.0,3046600.0,3239030.0,3430107.0,3624114.0,3823267.0,4023508.0,4225283.0,4440263.0,4674703.0,4916310.0,5160098.0,5405635.0,5648592.0,5890800.0,6131976.0,6369928.0,6605003.0,6841574.0,7079629.0,7318915.0,7561261.0,7807065.0,8054078.0,8301028.0,8551525.0,8801924.0,9046552.0,9293627.0,9541944.0,9790824.0,10045408.0,10340415.0,10645928.0,10960420.0,11272291.0,11578031.0,11883771.0,12183609.0,12450994.0,12711178.0,12971362.0,13256878.0,13542394.0,13861864.0,14183757.0,14519235.0,14880212.0,15260659.0,15647605.0,16036150.0,16422254.0,16831225.0,17248719.0,17680273.0,18128501.0,18585892.0,19051598.0,19521094.0,19999152.0,20542902.0,21129013.0,21693554.0,22263005.0,22834225.0,23417507.0,24000789.0,24622221.0,25263804.0,25920608.0,26590923.0,27264062.0,27934196.0,28598719.0,29252623.0,29917100.0,30590267.0,31255424.0,31903118.0,32549128.0,33195138.0,33855959.0,34512516.0,35173566.0,35848933.0,36515453.0,37188440.0,37854033.0,38543150.0,39264905.0,39957670.0,40640161.0,41323526.0,42017249.0,42737469.0,43468580.0,44234589.0,45016512.0,45824773.0,46662170.0,47507989.0,48362690.0,49242310.0,50144156.0,51052073.0,51977778.0,52905700.0,53835417.0,54778505.0,55744479.0,56748506.0,57776351.0,58828771.0,59889152.0,60961864.0,62034576.0,63146114.0,64277552.0,65416818.0,66520218.0,67618535.0,68685713.0,69725738.0,70767298.0,71789456.0,72798405.0,73765778.0,74702527.0,75605418.0,76508309.0,77342797.0,78183322.0,79006839.0,79804229.0,80592641.0,81356315.0,82106570.0,82862240.0,83616478.0,84353047.0,85066255.0,85762264.0,86433587.0,87098170.0,87762753.0,88363039.0,88917332.0,89455307.0,90042559.0,90631519.0,91217837.0,91822580.0,92457045.0,93113676.0,93786150.0,94493178.0,95225414.0,95989404.0,96854408.0,97766753.0,98704340.0,99653554.0,100610686.0,101604747.0,102748689.0,103953407.0,105163189.0,106371802.0,107577863.0,108778951.0,109971329.0,111156822.0,112347104.0,113527476.0,114697332.0,115869516.0,117031393.0,118208015.0,119404287.0,120590073.0,121772663.0,122939993.0,124084976.0,125193961.0,126269571.0,127309163.0,128322181.0,2024-07-08 23:39:20+00:00
MaziyarPanahi/Meta-Llama-3.1-405B-Instruct-GGUF,0.0,0.0,0.0,0.0,0.0,0.0,0.0,0.0,0.0,0.0,0.0,0.0,0.0,0.0,0.0,0.0,0.0,0.0,0.0,0.0,0.0,0.0,0.0,0.0,0.0,0.0,0.0,0.0,5069.0,19492.0,38838.0,65583.0,97399.0,129262.0,161132.0,198691.0,241906.0,285180.0,338851.0,398784.0,468599.0,549100.0,640297.0,742942.0,847210.0,955422.0,1072719.0,1203263.0,1340211.0,1487339.0,1644430.0,1809342.0,1984480.0,2171777.0,2370521.0,2575898.0,2792870.0,3013524.0,3234178.0,3455963.0,3679118.0,3896606.0,4112238.0,4335141.0,4562103.0,4789065.0,5018628.0,5259060.0,5496890.0,5727875.0,5950576.0,6162455.0,6373521.0,6573855.0,6773218.0,6977946.0,7173312.0,7355422.0,7533098.0,7700627.0,7868156.0,8019231.0,8170306.0,8310113.0,8427615.0,8537356.0,8647097.0,8741534.0,8835971.0,8916932.0,8988852.0,9059030.0,9135215.0,9203284.0,9270261.0,9327405.0,9380585.0,9424514.0,9466081.0,9509940.0,9553775.0,9597575.0,9632690.0,9665503.0,9698110.0,9720324.0,9745411.0,9772888.0,9800334.0,9826058.0,9851771.0,9877484.0,9903206.0,9928938.0,9954690.0,9980437.0,10006153.0,10031837.0,10057510.0,10083177.0,10108836.0,10134472.0,10154918.0,10170455.0,10185177.0,10199899.0,10214618.0,10242252.0,10274388.0,10300895.0,10350898.0,10422992.0,10523560.0,10624135.0,10724719.0,10840039.0,10987959.0,11143456.0,11303990.0,11480853.0,11671583.0,11880614.0,12089660.0,12298716.0,12507760.0,12716802.0,12925849.0,13134894.0,13343943.0,13553010.0,13762094.0,13971183.0,14181415.0,14391653.0,14601912.0,14821511.0,15073147.0,15345386.0,15612583.0,15879757.0,16146931.0,16384518.0,16598147.0,16794566.0,16990974.0,17172638.0,17328412.0,17477429.0,17608546.0,17723339.0,17824278.0,17906892.0,17989482.0,18072033.0,18154584.0,18237108.0,18319619.0,18402130.0,18484650.0,18567153.0,18649626.0,18732143.0,18814672.0,18896036.0,18991179.0,19229505.0,19597915.0,20016987.0,20445170.0,20873353.0,21350927.0,21842913.0,22417093.0,23405818.0,24426923.0,25486076.0,26545226.0,27604392.0,28707206.0,29866488.0,31026460.0,32186430.0,33370240.0,34564698.0,35779823.0,36994954.0,38244559.0,39530328.0,40816084.0,42145350.0,43481841.0,44818320.0,46174742.0,47541246.0,48907747.0,50157011.0,51313275.0,52417161.0,53549417.0,54638905.0,55561993.0,56396155.0,57137566.0,57891466.0,58642717.0,59403124.0,60195069.0,61028150.0,61925204.0,62840191.0,63786250.0,64794522.0,2024-07-24 06:25:41+00:00
vikp/surya_rec2,0.0,0.0,0.0,0.0,0.0,0.0,0.0,0.0,0.0,0.0,0.0,0.0,0.0,0.0,0.0,0.0,0.0,0.0,0.0,0.0,0.0,0.0,0.0,0.0,0.0,0.0,0.0,0.0,0.0,0.0,0.0,0.0,0.0,0.0,0.0,0.0,0.0,0.0,0.0,0.0,0.0,0.0,0.0,0.0,0.0,0.0,160.0,1182.0,2647.0,5198.0,10934.0,20670.0,33701.0,62381.0,115438.0,179000.0,245800.0,316838.0,387876.0,465341.0,545833.0,627641.0,711233.0,797666.0,888646.0,979626.0,1085117.0,1199094.0,1319266.0,1446171.0,1583622.0,1728956.0,1883341.0,2048399.0,2223185.0,2406204.0,2606374.0,2849281.0,3105699.0,3375123.0,3644547.0,3916199.0,4186135.0,4453754.0,4693878.0,4927650.0,5161422.0,5422400.0,5683378.0,5980844.0,6281234.0,6594526.0,6933253.0,7290895.0,7655774.0,8023055.0,8388848.0,8778612.0,9176257.0,9587989.0,10016732.0,10454722.0,10899405.0,11342793.0,11792028.0,12255684.0,12741212.0,13201898.0,13667448.0,14133800.0,14612313.0,15090826.0,15602255.0,16133084.0,16676301.0,17229177.0,17782165.0,18331438.0,18874594.0,19406739.0,19948057.0,20495614.0,21033269.0,21553921.0,22073912.0,22593903.0,23126774.0,23653978.0,24184975.0,24729506.0,25263695.0,25805401.0,26339509.0,26901688.0,27495924.0,28084217.0,28686851.0,29290908.0,29903541.0,30539949.0,31184221.0,31852388.0,32534720.0,33241326.0,33975410.0,34718258.0,35470975.0,36242313.0,37030198.0,37821752.0,38627790.0,39438773.0,40254608.0,41083710.0,41933246.0,42808452.0,43706199.0,44626015.0,45555266.0,46497934.0,47440602.0,48416593.0,49412445.0,50417825.0,51390412.0,52370292.0,53331068.0,54270777.0,55215171.0,56143637.0,57062307.0,57951271.0,58812837.0,59644337.0,60475837.0,61245688.0,62024343.0,62802998.0,63552316.0,64295223.0,65017766.0,65727446.0,66442400.0,67156483.0,67855274.0,68544147.0,69212719.0,69849675.0,70469514.0,71089353.0,71641846.0,72151729.0,72640579.0,73153359.0,73654052.0,74140014.0,74630822.0,75137375.0,75658710.0,76194950.0,76764575.0,77359601.0,77990312.0,78719658.0,79494922.0,80294053.0,81104345.0,81921262.0,82776245.0,83781306.0,84846173.0,85916012.0,86983118.0,88046581.0,89104833.0,90154620.0,91198942.0,92254756.0,93313427.0,94368495.0,95433916.0,96500021.0,97588469.0,98702608.0,99818658.0,100944222.0,102067572.0,103182575.0,104271200.0,105327289.0,106348906.0,107344070.0,2024-08-16 17:08:09+00:00
trl-internal-testing/tiny-T5ForConditionalGeneration,0.0,0.0,0.0,0.0,0.0,0.0,0.0,0.0,0.0,0.0,0.0,0.0,0.0,0.0,0.0,0.0,0.0,0.0,0.0,0.0,0.0,0.0,0.0,0.0,0.0,0.0,0.0,0.0,0.0,0.0,0.0,0.0,0.0,0.0,0.0,0.0,0.0,0.0,0.0,0.0,0.0,0.0,0.0,0.0,0.0,0.0,0.0,0.0,0.0,0.0,0.0,0.0,0.0,0.0,0.0,0.0,0.0,0.0,0.0,0.0,0.0,0.0,0.0,0.0,0.0,0.0,0.0,0.0,0.0,0.0,0.0,0.0,0.0,0.0,0.0,0.0,0.0,0.0,0.0,0.0,0.0,0.0,0.0,0.0,0.0,0.0,0.0,0.0,0.0,0.0,0.0,0.0,0.0,0.0,0.0,0.0,0.0,0.0,0.0,0.0,0.0,0.0,0.0,0.0,0.0,0.0,0.0,0.0,0.0,0.0,0.0,0.0,0.0,0.0,0.0,0.0,0.0,0.0,0.0,0.0,0.0,0.0,0.0,0.0,0.0,0.0,0.0,0.0,0.0,0.0,0.0,0.0,0.0,0.0,0.0,0.0,0.0,0.0,0.0,0.0,0.0,0.0,0.0,0.0,0.0,0.0,0.0,29022.0,111569.0,202595.0,317349.0,454040.0,600799.0,763195.0,941363.0,1141654.0,1350516.0,1592046.0,1847346.0,2102646.0,2357946.0,2631929.0,2937680.0,3277588.0,3647948.0,4059052.0,4473581.0,4920887.0,5371759.0,5850146.0,6339132.0,6847244.0,7377333.0,7922287.0,8467241.0,9035759.0,9608300.0,10180841.0,10728141.0,11229215.0,11720654.0,12197745.0,12670187.0,13127314.0,13577922.0,13999859.0,14422112.0,14816930.0,15199772.0,15582614.0,15963980.0,16333281.0,16688315.0,17154461.0,17597750.0,18033100.0,18498365.0,18953663.0,19421187.0,19875115.0,20370846.0,20863695.0,21340703.0,21849579.0,22378173.0,22931309.0,23545700.0,24197099.0,24885832.0,25621397.0,26362518.0,27163989.0,27977934.0,28832932.0,29705229.0,30587707.0,31469571.0,32355230.0,33293872.0,34240047.0,35162365.0,36111751.0,37064591.0,38006872.0,38964362.0,39946910.0,40901960.0,41874725.0,42838755.0,43797824.0,44713757.0,45687078.0,2024-11-25 15:06:24+00:00
MaziyarPanahi/Mistral-Large-Instruct-2411-GGUF,0.0,0.0,0.0,0.0,0.0,0.0,0.0,0.0,0.0,0.0,0.0,0.0,0.0,0.0,0.0,0.0,0.0,0.0,0.0,0.0,0.0,0.0,0.0,0.0,0.0,0.0,0.0,0.0,0.0,0.0,0.0,0.0,0.0,0.0,0.0,0.0,0.0,0.0,0.0,0.0,0.0,0.0,0.0,0.0,0.0,0.0,0.0,0.0,0.0,0.0,0.0,0.0,0.0,0.0,0.0,0.0,0.0,0.0,0.0,0.0,0.0,0.0,0.0,0.0,0.0,0.0,0.0,0.0,0.0,0.0,0.0,0.0,0.0,0.0,0.0,0.0,0.0,0.0,0.0,0.0,0.0,0.0,0.0,0.0,0.0,0.0,0.0,0.0,0.0,0.0,0.0,0.0,0.0,0.0,0.0,0.0,0.0,0.0,0.0,0.0,0.0,0.0,0.0,0.0,0.0,0.0,0.0,0.0,0.0,0.0,0.0,0.0,0.0,0.0,0.0,0.0,0.0,0.0,0.0,0.0,0.0,0.0,0.0,0.0,0.0,0.0,0.0,0.0,0.0,0.0,0.0,0.0,0.0,0.0,0.0,0.0,0.0,0.0,0.0,0.0,16.0,36.0,394.0,17794.0,35289.0,52830.0,70414.0,105066.0,139746.0,191675.0,243623.0,295589.0,347572.0,399577.0,468646.0,567275.0,684217.0,827090.0,1016428.0,1247658.0,1478888.0,1739389.0,2023077.0,2335757.0,2676814.0,3056837.0,3480037.0,3958775.0,4471279.0,5030497.0,5621928.0,6230473.0,6841401.0,7455157.0,8068913.0,8743441.0,9417973.0,10092505.0,10823527.0,11543645.0,12263826.0,12984037.0,13704266.0,14478809.0,15244553.0,16082517.0,17061841.0,18074809.0,19066781.0,20058753.0,21036443.0,22007489.0,22990990.0,24237670.0,25481818.0,26742656.0,27970521.0,29143985.0,30316860.0,31473565.0,32597736.0,33699778.0,34808912.0,35914741.0,36970655.0,38024669.0,39112701.0,40163526.0,41184544.0,42243189.0,43301796.0,44360358.0,45429500.0,46497135.0,47521937.0,48482030.0,49351041.0,50182696.0,51068526.0,51944270.0,52709186.0,53417118.0,54067997.0,54722276.0,55383490.0,56037237.0,56719226.0,57432985.0,58232554.0,59091161.0,59996006.0,60960197.0,2024-11-18 22:30:28+00:00
MaziyarPanahi/Phi-3.5-mini-instruct-GGUF,0.0,0.0,0.0,0.0,0.0,0.0,0.0,0.0,0.0,0.0,0.0,0.0,0.0,0.0,0.0,0.0,0.0,0.0,0.0,0.0,0.0,0.0,0.0,0.0,0.0,0.0,0.0,0.0,0.0,0.0,0.0,0.0,0.0,0.0,0.0,0.0,0.0,0.0,0.0,0.0,0.0,0.0,0.0,0.0,0.0,0.0,0.0,0.0,0.0,0.0,270.0,797.0,1399.0,2205.0,3013.0,3839.0,4682.0,5547.0,6412.0,7297.0,8214.0,9136.0,10074.0,11017.0,11971.0,12925.0,13924.0,14934.0,15954.0,16987.0,18026.0,19075.0,20139.0,21212.0,22288.0,23371.0,24482.0,25623.0,26886.0,28214.0,29542.0,30793.0,31640.0,32412.0,32975.0,33564.0,34153.0,34742.0,35397.0,36053.0,36697.0,37375.0,38043.0,38716.0,39394.0,40077.0,40722.0,41374.0,42041.0,42710.0,43369.0,43369.0,44009.0,44644.0,45352.0,46060.0,46753.0,47429.0,47996.0,48484.0,48948.0,49412.0,49910.0,50436.0,50960.0,51460.0,63957.0,101831.0,167096.0,263658.0,404326.0,559929.0,736759.0,936096.0,1172183.0,1408270.0,1862908.0,2420261.0,3117619.0,3964131.0,4918871.0,5957741.0,7137141.0,8384824.0,9702983.0,11132406.0,12656578.0,14256950.0,15946917.0,17741749.0,19563216.0,21401372.0,23240057.0,25078920.0,26917944.0,28757271.0,30588314.0,32451791.0,34288415.0,36127839.0,37929315.0,39710067.0,41469919.0,43209552.0,44951322.0,46718986.0,48427628.0,50073829.0,51721151.0,53361454.0,55001757.0,56486517.0,57902822.0,59317015.0,60815730.0,62327519.0,63931584.0,65664845.0,67458165.0,69348706.0,71296822.0,73256701.0,75219485.0,77271657.0,79323829.0,81536422.0,83749135.0,85961848.0,88218720.0,90443395.0,92668871.0,94894771.0,97120924.0,99424121.0,101701715.0,104027881.0,106444466.0,108895636.0,111237696.0,113579756.0,115856108.0,118081397.0,120323221.0,122924762.0,125465761.0,127944108.0,130247349.0,132351343.0,134365828.0,136208403.0,137965617.0,139667354.0,141392589.0,143045201.0,144568222.0,146070424.0,147620104.0,149123634.0,150597677.0,152120420.0,153643801.0,155167215.0,156712166.0,158242180.0,159720919.0,161073762.0,162335735.0,163541625.0,164779278.0,165950837.0,166966365.0,167879630.0,168693512.0,169480181.0,170228395.0,170928677.0,171644524.0,172379904.0,173177353.0,174012145.0,174876711.0,175782451.0,2024-08-20 20:07:57+00:00
MaziyarPanahi/Yi-Coder-9B-Chat-GGUF,0.0,0.0,0.0,0.0,0.0,0.0,0.0,0.0,0.0,0.0,0.0,0.0,0.0,0.0,0.0,0.0,0.0,0.0,0.0,0.0,0.0,0.0,0.0,0.0,0.0,0.0,0.0,0.0,0.0,0.0,0.0,0.0,0.0,0.0,0.0,0.0,0.0,0.0,0.0,0.0,0.0,0.0,0.0,0.0,0.0,0.0,0.0,0.0,0.0,0.0,0.0,0.0,0.0,0.0,0.0,0.0,0.0,0.0,0.0,0.0,0.0,0.0,0.0,0.0,0.0,0.0,203.0,414.0,626.0,849.0,1073.0,1298.0,1526.0,1764.0,2003.0,2242.0,2487.0,2734.0,2981.0,3228.0,3475.0,3723.0,3972.0,4223.0,4509.0,4797.0,5085.0,5373.0,5684.0,5997.0,6319.0,6651.0,6983.0,7325.0,7672.0,7979.0,8159.0,8332.0,8524.0,8708.0,8893.0,8893.0,9083.0,9261.0,9438.0,9701.0,9960.0,10227.0,10499.0,10771.0,11042.0,11313.0,11584.0,11834.0,12084.0,12333.0,24703.0,62428.0,126231.0,221110.0,359844.0,513354.0,687851.0,884833.0,1118364.0,1351895.0,1804835.0,2359933.0,3055383.0,3899928.0,4852269.0,5888751.0,7065667.0,8311404.0,9627681.0,11055147.0,12578126.0,14177882.0,15867429.0,17661685.0,19482674.0,21320134.0,23157756.0,24995649.0,26833696.0,28671929.0,30501981.0,32364463.0,34202734.0,36044907.0,37849329.0,39633287.0,41396603.0,43143614.0,44893981.0,46670367.0,48386780.0,50041428.0,51696775.0,53345270.0,54993765.0,56487014.0,57911692.0,59333731.0,60840422.0,62361070.0,63972837.0,65713080.0,67512956.0,69409455.0,71362885.0,73328359.0,75296773.0,77354682.0,79412591.0,81630548.0,83848540.0,86066532.0,88328252.0,90556922.0,92785619.0,95014576.0,97243745.0,99546376.0,101821723.0,104145936.0,106560033.0,109008798.0,111347812.0,113686826.0,115960148.0,118182860.0,120421223.0,123017680.0,125552892.0,128024021.0,130319393.0,132414709.0,134420827.0,136255340.0,138004269.0,139697056.0,141412440.0,143055305.0,144568205.0,146059667.0,147598620.0,149089554.0,150550484.0,152059338.0,153568378.0,155078490.0,156610002.0,158126689.0,159591765.0,160932496.0,162181715.0,163374806.0,164599913.0,165758346.0,166762866.0,167665395.0,168468548.0,169245011.0,169981781.0,170671448.0,171377053.0,172102881.0,172890810.0,173715946.0,174570973.0,175467909.0,2024-09-04 14:25:06+00:00
lmstudio-community/DeepSeek-R1-Distill-Qwen-7B-GGUF,0.0,0.0,0.0,0.0,0.0,0.0,0.0,0.0,0.0,0.0,0.0,0.0,0.0,0.0,0.0,0.0,0.0,0.0,0.0,0.0,0.0,0.0,0.0,0.0,0.0,0.0,0.0,0.0,0.0,0.0,0.0,0.0,0.0,0.0,0.0,0.0,0.0,0.0,0.0,0.0,0.0,0.0,0.0,0.0,0.0,0.0,0.0,0.0,0.0,0.0,0.0,0.0,0.0,0.0,0.0,0.0,0.0,0.0,0.0,0.0,0.0,0.0,0.0,0.0,0.0,0.0,0.0,0.0,0.0,0.0,0.0,0.0,0.0,0.0,0.0,0.0,0.0,0.0,0.0,0.0,0.0,0.0,0.0,0.0,0.0,0.0,0.0,0.0,0.0,0.0,0.0,0.0,0.0,0.0,0.0,0.0,0.0,0.0,0.0,0.0,0.0,0.0,0.0,0.0,0.0,0.0,0.0,0.0,0.0,0.0,0.0,0.0,0.0,0.0,0.0,0.0,0.0,0.0,0.0,0.0,0.0,0.0,0.0,0.0,0.0,0.0,0.0,0.0,0.0,0.0,0.0,0.0,0.0,0.0,0.0,0.0,0.0,0.0,0.0,0.0,0.0,0.0,0.0,0.0,0.0,0.0,0.0,0.0,0.0,0.0,0.0,0.0,0.0,0.0,0.0,0.0,0.0,0.0,0.0,0.0,0.0,0.0,0.0,0.0,0.0,0.0,0.0,0.0,0.0,0.0,0.0,0.0,0.0,0.0,0.0,0.0,0.0,0.0,0.0,0.0,0.0,0.0,0.0,0.0,0.0,0.0,0.0,0.0,0.0,0.0,0.0,0.0,0.0,0.0,0.0,0.0,0.0,0.0,0.0,0.0,0.0,0.0,0.0,3657.0,17545.0,42728.0,75650.0,116968.0,167212.0,227693.0,308611.0,425189.0,578081.0,765571.0,987965.0,1248121.0,1584620.0,1955641.0,2371952.0,2838697.0,3365676.0,3942831.0,4571280.0,5233211.0,5943869.0,6685948.0,7463378.0,8269486.0,9090902.0,9943973.0,10814561.0,11707951.0,2025-01-20 14:53:05+00:00
mangoapps/fb_zeroshot_mnli_onnx,0.0,0.0,1.0,2.0,3.0,5.0,7.0,9.0,12.0,15.0,18.0,21.0,24.0,27.0,30.0,33.0,36.0,39.0,42.0,45.0,48.0,51.0,54.0,57.0,61.0,66.0,71.0,76.0,81.0,86.0,91.0,96.0,102.0,107.0,112.0,116.0,120.0,124.0,127.0,130.0,165.0,215.0,306.0,814.0,1393.0,2017.0,2641.0,3265.0,3914.0,4590.0,5288.0,5986.0,6684.0,7556.0,8482.0,9422.0,10541.0,11689.0,13131.0,14815.0,16522.0,18229.0,19956.0,21722.0,23565.0,25462.0,27435.0,29419.0,31405.0,33422.0,35699.0,38170.0,40806.0,43166.0,45471.0,47924.0,50572.0,53284.0,56295.0,59365.0,62447.0,65514.0,68581.0,71608.0,74472.0,77359.0,80246.0,83663.0,87080.0,90021.0,92862.0,96384.0,100580.0,104768.0,109557.0,114282.0,118935.0,123556.0,128174.0,132792.0,137162.0,137162.0,141103.0,144972.0,148699.0,152434.0,155827.0,159144.0,162191.0,165122.0,168028.0,170934.0,174546.0,178872.0,184338.0,190936.0,197450.0,203897.0,210341.0,217292.0,224243.0,231195.0,236781.0,242365.0,247261.0,252157.0,257053.0,262798.0,268543.0,274287.0,280452.0,286617.0,292778.0,298939.0,305247.0,311932.0,318972.0,326863.0,334754.0,343859.0,362152.0,455974.0,560538.0,664422.0,768017.0,869949.0,971326.0,1073065.0,1174913.0,1276291.0,1377707.0,1479138.0,1580571.0,1682007.0,1783458.0,1884909.0,1986362.0,2086966.0,2187581.0,2288201.0,2388821.0,2489022.0,2589223.0,2689424.0,2789637.0,2889364.0,2988714.0,3087618.0,3186102.0,3283370.0,3379184.0,3411643.0,3412768.0,3413843.0,3414918.0,3415602.0,3416286.0,3416583.0,3416768.0,3416916.0,3417029.0,3417144.0,3417242.0,3417337.0,3417418.0,3417499.0,3418721.0,3451841.0,3523669.0,3595497.0,3684394.0,3782962.0,3921169.0,4193889.0,4508268.0,4837217.0,5169469.0,5502825.0,5836193.0,6194507.0,6595554.0,7038865.0,7523911.0,8050432.0,8618230.0,9226995.0,9876437.0,10567127.0,11299573.0,12073288.0,12888843.0,13746058.0,14641494.0,15569109.0,16530833.0,17533892.0,18585219.0,19668874.0,20764805.0,21871317.0,22990616.0,24132441.0,25235845.0,26297661.0,27317927.0,28316712.0,29312198.0,30306587.0,31300968.0,32275728.0,33209035.0,34100761.0,2024-07-04 05:14:23+00:00
llava-hf/llava-onevision-qwen2-7b-ov-hf,0.0,0.0,0.0,0.0,0.0,0.0,0.0,0.0,0.0,0.0,0.0,0.0,0.0,0.0,0.0,0.0,0.0,0.0,0.0,0.0,0.0,0.0,0.0,0.0,0.0,0.0,0.0,0.0,0.0,0.0,0.0,0.0,0.0,0.0,0.0,0.0,0.0,0.0,0.0,0.0,0.0,0.0,0.0,4.0,54.0,183.0,329.0,480.0,646.0,868.0,1221.0,1655.0,2128.0,2801.0,4207.0,5904.0,7703.0,9711.0,11719.0,13961.0,16226.0,18529.0,20864.0,23211.0,25581.0,27951.0,31064.0,34393.0,37796.0,41271.0,44922.0,48852.0,53105.0,57706.0,62715.0,67808.0,72968.0,78390.0,84031.0,90048.0,96065.0,102270.0,108983.0,115798.0,122292.0,128622.0,134952.0,149733.0,164514.0,180372.0,196590.0,214107.0,234235.0,255731.0,278153.0,300961.0,323463.0,346160.0,369901.0,394344.0,419745.0,445948.0,472234.0,500319.0,528485.0,557903.0,588964.0,621589.0,655093.0,689552.0,724253.0,758954.0,795711.0,833312.0,872265.0,912466.0,947996.0,981950.0,1016276.0,1051743.0,1088143.0,1126033.0,1162781.0,1199072.0,1234871.0,1270670.0,1307789.0,1345333.0,1383767.0,1422832.0,1461593.0,1500654.0,1540606.0,1580761.0,1622264.0,1665098.0,1707932.0,1749992.0,1791088.0,1832076.0,1874390.0,1917769.0,1962059.0,2006511.0,2050544.0,2094151.0,2138190.0,2183078.0,2226944.0,2270076.0,2313013.0,2355503.0,2395978.0,2436120.0,2477223.0,2519227.0,2564904.0,2611903.0,2659366.0,2705957.0,2752548.0,2800551.0,2849451.0,2897102.0,2944661.0,2990235.0,3035516.0,3081268.0,3127941.0,3174682.0,3220592.0,3265711.0,3308708.0,3351853.0,3394998.0,3468620.0,3542834.0,3617048.0,3690229.0,3799726.0,3909047.0,4018289.0,4226460.0,4503640.0,4930062.0,5356246.0,5780419.0,6202206.0,6622322.0,7042438.0,7461509.0,7881230.0,8309999.0,8756441.0,9220846.0,9854396.0,10490578.0,11127247.0,11763636.0,12507313.0,13298007.0,14089925.0,14882968.0,15676671.0,16651977.0,17639292.0,18626886.0,19614648.0,20603352.0,21573319.0,22525881.0,23481744.0,24343321.0,25451540.0,26387572.0,27363677.0,28353737.0,29449406.0,30635147.0,31823637.0,33065957.0,34310489.0,35544874.0,36763756.0,37965437.0,39001055.0,40036704.0,41075794.0,42116789.0,43052525.0,43940868.0,44829271.0,2024-08-13 08:35:25+00:00
unslothai/vram-16,0.0,0.0,0.0,0.0,0.0,0.0,1808.0,8036.0,19859.0,36163.0,56320.0,82813.0,114359.0,152142.0,199775.0,257271.0,324460.0,402092.0,486693.0,576760.0,672209.0,776673.0,881137.0,1012944.0,1157624.0,1313059.0,1476172.0,1648828.0,1835376.0,2034641.0,2248913.0,2475721.0,2711333.0,2954077.0,3205325.0,3469916.0,3746403.0,4031756.0,4324480.0,4622370.0,4923177.0,5226416.0,5538042.0,5856985.0,6177857.0,6498821.0,6819651.0,7137839.0,7456068.0,7781846.0,8115611.0,8454981.0,8796445.0,9134517.0,9468906.0,9802957.0,10142171.0,10486952.0,10830897.0,11174811.0,11513389.0,11844031.0,12170469.0,12502128.0,12840147.0,13177887.0,13514262.0,13846220.0,14173734.0,14498961.0,14829646.0,15165805.0,15513306.0,15861648.0,16208943.0,16553491.0,16896100.0,17245078.0,17600674.0,17953577.0,18297845.0,18631352.0,18964859.0,19275457.0,19582953.0,19892433.0,20201913.0,20521370.0,20840827.0,21154894.0,21469147.0,21798264.0,22138847.0,22484623.0,22833005.0,23183425.0,23533511.0,23885757.0,24247143.0,24617497.0,24990582.0,24990582.0,25362082.0,25727167.0,26092120.0,26470544.0,26861753.0,27257324.0,27654200.0,28056820.0,28464296.0,28871772.0,29304495.0,29753966.0,30217413.0,30686360.0,31151007.0,31611340.0,32071206.0,32537079.0,33011213.0,33482070.0,33950731.0,34418419.0,34881356.0,35344293.0,35809774.0,36280065.0,36752070.0,37222856.0,37691834.0,38152922.0,38611089.0,39077845.0,39557119.0,40037922.0,40515272.0,40990392.0,41459835.0,41925453.0,42398108.0,42876554.0,43352707.0,43830383.0,44310830.0,44791879.0,45274508.0,45766384.0,46270089.0,46777729.0,47287877.0,47799292.0,48310622.0,48824386.0,49345446.0,49876506.0,50414672.0,50980649.0,51548513.0,52115930.0,52683347.0,53266671.0,53863163.0,54464815.0,55063605.0,55658438.0,56250885.0,56842629.0,57447474.0,58069216.0,58687277.0,59297808.0,59952336.0,60633901.0,61315466.0,62048069.0,62781656.0,63505836.0,64212795.0,64914951.0,65609534.0,66299023.0,66988891.0,67673949.0,68349796.0,69020926.0,69683116.0,70314833.0,70938922.0,71563011.0,72160311.0,72736519.0,73309107.0,73932707.0,74554288.0,75179462.0,75816488.0,76462350.0,77110637.0,77754951.0,78411984.0,79072931.0,79700362.0,80307820.0,80871850.0,81426960.0,82004519.0,82592321.0,83193741.0,83799395.0,84422196.0,85057406.0,85704991.0,86360151.0,87026523.0,87707141.0,88397705.0,89109868.0,89841817.0,90586833.0,91345014.0,92123322.0,92906923.0,93692878.0,94498228.0,95320976.0,96154905.0,96998290.0,97850735.0,98699968.0,99553775.0,100438401.0,2024-07-07 17:01:10+00:00
autogluon/chronos-bolt-tiny,0.0,0.0,0.0,0.0,0.0,0.0,0.0,0.0,0.0,0.0,0.0,0.0,0.0,0.0,0.0,0.0,0.0,0.0,0.0,0.0,0.0,0.0,0.0,0.0,0.0,0.0,0.0,0.0,0.0,0.0,0.0,0.0,0.0,0.0,0.0,0.0,0.0,0.0,0.0,0.0,0.0,0.0,0.0,0.0,0.0,0.0,0.0,0.0,0.0,0.0,0.0,0.0,0.0,0.0,0.0,0.0,0.0,0.0,0.0,0.0,0.0,0.0,0.0,0.0,0.0,0.0,0.0,0.0,0.0,0.0,0.0,0.0,0.0,0.0,0.0,0.0,0.0,0.0,0.0,0.0,0.0,0.0,0.0,0.0,0.0,0.0,0.0,0.0,0.0,0.0,0.0,0.0,0.0,0.0,0.0,0.0,0.0,0.0,0.0,0.0,0.0,0.0,0.0,0.0,0.0,0.0,0.0,0.0,0.0,0.0,0.0,0.0,0.0,0.0,0.0,0.0,0.0,0.0,0.0,0.0,0.0,0.0,0.0,0.0,0.0,0.0,0.0,0.0,0.0,0.0,0.0,0.0,0.0,0.0,0.0,46.0,138.0,230.0,322.0,3504.0,11802.0,24700.0,37637.0,50574.0,63613.0,76652.0,89865.0,103088.0,116311.0,129592.0,143248.0,157414.0,171885.0,186523.0,201822.0,220082.0,246560.0,291837.0,382332.0,474501.0,566670.0,672637.0,787395.0,903892.0,1022820.0,1146300.0,1270337.0,1394825.0,1524002.0,1654360.0,1780826.0,1903020.0,2025188.0,2147422.0,2269656.0,2393254.0,2516927.0,2640600.0,2770116.0,2912301.0,3058771.0,3207362.0,3358619.0,3511555.0,3663976.0,3813686.0,3961916.0,4094711.0,4183485.0,4272259.0,4350742.0,4423388.0,4488749.0,4558004.0,4625951.0,4691684.0,4758351.0,4828809.0,4898594.0,4964408.0,5030768.0,5096636.0,5580855.0,6067845.0,6555502.0,7044071.0,7533286.0,8021873.0,8504680.0,8981332.0,9456363.0,9936730.0,10412912.0,10888030.0,11395133.0,11906788.0,12419645.0,12930507.0,13444598.0,14032925.0,14620989.0,15210452.0,15800535.0,16391019.0,16983299.0,17582952.0,18223624.0,18877156.0,19584025.0,20347157.0,21134910.0,21963559.0,2024-11-13 13:28:07+00:00
Alibaba-NLP/gte-multilingual-base,0.0,0.0,0.0,0.0,0.0,0.0,0.0,0.0,0.0,0.0,0.0,0.0,0.0,0.0,0.0,0.0,0.0,0.0,0.0,0.0,0.0,0.0,0.0,0.0,0.0,0.0,0.0,0.0,0.0,27.0,315.0,6033.0,22245.0,38612.0,55053.0,77647.0,100725.0,124952.0,152527.0,180622.0,209007.0,237799.0,267392.0,300652.0,334695.0,369128.0,404622.0,440402.0,476926.0,514740.0,553931.0,594237.0,635844.0,679034.0,722849.0,767875.0,819596.0,876616.0,933636.0,996119.0,1059679.0,1118602.0,1168744.0,1221710.0,1278806.0,1335902.0,1397021.0,1459571.0,1519421.0,1580535.0,1646021.0,1718503.0,1795566.0,1871572.0,1949824.0,2030350.0,2114747.0,2201424.0,2291947.0,2387616.0,2483285.0,2590492.0,2697699.0,2807017.0,2931540.0,3110353.0,3289166.0,3508088.0,3727010.0,3954007.0,4187322.0,4431673.0,4686578.0,4948743.0,5212019.0,5471633.0,5728868.0,5985401.0,6247284.0,6516041.0,6788241.0,7060643.0,7335064.0,7613459.0,7894038.0,8181358.0,8475951.0,8780671.0,9091983.0,9404791.0,9719619.0,10034447.0,10356528.0,10684305.0,11020144.0,11341662.0,11629518.0,11927131.0,12236630.0,12561941.0,12904179.0,13259535.0,13629910.0,14013957.0,14415143.0,14816329.0,15264056.0,15739417.0,16264491.0,16836304.0,17460409.0,18139456.0,18867126.0,19626065.0,20404871.0,21200270.0,22010216.0,22828895.0,23656300.0,24496111.0,25353498.0,26243577.0,27185732.0,28209825.0,29302418.0,30443692.0,31640499.0,32853670.0,34077753.0,35310373.0,36543513.0,37769579.0,38993598.0,40214552.0,41435618.0,42656560.0,43873140.0,45078244.0,46263475.0,47423451.0,48583427.0,49684627.0,50747207.0,51784835.0,52816443.0,53839797.0,54893400.0,55959133.0,57066539.0,58208387.0,59360677.0,60494592.0,61602301.0,62639553.0,63676805.0,64589179.0,65437139.0,66285099.0,67062700.0,67818499.0,68556459.0,69283143.0,70001690.0,70711131.0,71400453.0,72082862.0,72761175.0,73432849.0,74088934.0,74745019.0,75352091.0,75930764.0,76511384.0,77157331.0,77811018.0,78468252.0,79105953.0,79725485.0,80340796.0,80934439.0,81513919.0,82096047.0,82675810.0,83269869.0,83878614.0,84504720.0,85142864.0,85798596.0,86476807.0,87171538.0,87885791.0,88625500.0,89379828.0,90142351.0,90924465.0,91717270.0,92513641.0,93323659.0,94143015.0,94972458.0,95801796.0,96636574.0,97466086.0,98292278.0,99116515.0,99940194.0,100765639.0,101591314.0,102392740.0,103175203.0,103958747.0,104771603.0,2024-07-20 08:37:28+00:00
JeffreyXiang/TRELLIS-image-large,0.0,0.0,0.0,0.0,0.0,0.0,0.0,0.0,0.0,0.0,0.0,0.0,0.0,0.0,0.0,0.0,0.0,0.0,0.0,0.0,0.0,0.0,0.0,0.0,0.0,0.0,0.0,0.0,0.0,0.0,0.0,0.0,0.0,0.0,0.0,0.0,0.0,0.0,0.0,0.0,0.0,0.0,0.0,0.0,0.0,0.0,0.0,0.0,0.0,0.0,0.0,0.0,0.0,0.0,0.0,0.0,0.0,0.0,0.0,0.0,0.0,0.0,0.0,0.0,0.0,0.0,0.0,0.0,0.0,0.0,0.0,0.0,0.0,0.0,0.0,0.0,0.0,0.0,0.0,0.0,0.0,0.0,0.0,0.0,0.0,0.0,0.0,0.0,0.0,0.0,0.0,0.0,0.0,0.0,0.0,0.0,0.0,0.0,0.0,0.0,0.0,0.0,0.0,0.0,0.0,0.0,0.0,0.0,0.0,0.0,0.0,0.0,0.0,0.0,0.0,0.0,0.0,0.0,0.0,0.0,0.0,0.0,0.0,0.0,0.0,0.0,0.0,0.0,0.0,0.0,0.0,0.0,0.0,0.0,0.0,0.0,0.0,0.0,0.0,0.0,0.0,0.0,0.0,0.0,0.0,0.0,0.0,0.0,0.0,0.0,0.0,0.0,0.0,0.0,0.0,0.0,0.0,0.0,0.0,0.0,0.0,0.0,102105.0,228519.0,378720.0,550003.0,744719.0,963443.0,1210565.0,1493152.0,1792677.0,2102921.0,2424279.0,2757345.0,3090411.0,3453441.0,3835644.0,4217847.0,4619596.0,5052997.0,5503621.0,5970933.0,6459594.0,6968580.0,7488722.0,8030237.0,8594932.0,9173898.0,9763774.0,10353650.0,10918151.0,11463881.0,12010980.0,12623075.0,13229352.0,13833302.0,14443239.0,15059072.0,15676488.0,16291709.0,16915409.0,17553740.0,18203185.0,18870911.0,19545391.0,20235806.0,20933054.0,21633210.0,22338219.0,23035130.0,23737924.0,24443218.0,25145965.0,25847518.0,26553229.0,27257655.0,27954479.0,28667162.0,29381319.0,30092921.0,30807327.0,31529989.0,32246149.0,32960135.0,33685781.0,34416711.0,35152300.0,35884137.0,36629911.0,37388400.0,38147702.0,38946689.0,2024-12-02 13:02:21+00:00
MaziyarPanahi/phi-4-GGUF,0.0,0.0,0.0,0.0,0.0,0.0,0.0,0.0,0.0,0.0,0.0,0.0,0.0,0.0,0.0,0.0,0.0,0.0,0.0,0.0,0.0,0.0,0.0,0.0,0.0,0.0,0.0,0.0,0.0,0.0,0.0,0.0,0.0,0.0,0.0,0.0,0.0,0.0,0.0,0.0,0.0,0.0,0.0,0.0,0.0,0.0,0.0,0.0,0.0,0.0,0.0,0.0,0.0,0.0,0.0,0.0,0.0,0.0,0.0,0.0,0.0,0.0,0.0,0.0,0.0,0.0,0.0,0.0,0.0,0.0,0.0,0.0,0.0,0.0,0.0,0.0,0.0,0.0,0.0,0.0,0.0,0.0,0.0,0.0,0.0,0.0,0.0,0.0,0.0,0.0,0.0,0.0,0.0,0.0,0.0,0.0,0.0,0.0,0.0,0.0,0.0,0.0,0.0,0.0,0.0,0.0,0.0,0.0,0.0,0.0,0.0,0.0,0.0,0.0,0.0,0.0,0.0,0.0,0.0,0.0,0.0,0.0,0.0,0.0,0.0,0.0,0.0,0.0,0.0,0.0,0.0,0.0,0.0,0.0,0.0,0.0,0.0,0.0,0.0,0.0,0.0,0.0,0.0,0.0,0.0,0.0,0.0,0.0,0.0,0.0,0.0,0.0,0.0,0.0,0.0,0.0,0.0,0.0,0.0,0.0,0.0,0.0,0.0,0.0,0.0,0.0,0.0,0.0,0.0,0.0,0.0,0.0,0.0,0.0,0.0,0.0,0.0,0.0,0.0,0.0,0.0,0.0,0.0,0.0,0.0,0.0,0.0,0.0,0.0,0.0,0.0,6198.0,89332.0,220030.0,378470.0,575813.0,774496.0,977003.0,1211209.0,1477936.0,1744938.0,2012586.0,2304386.0,2607310.0,2911953.0,3216854.0,3556397.0,3916348.0,4276481.0,4667214.0,5058304.0,5449757.0,5861666.0,6284632.0,6708078.0,7157983.0,7651871.0,8187255.0,8785810.0,9413621.0,10060306.0,10717150.0,11292293.0,11858558.0,12425245.0,12979580.0,13546798.0,14127956.0,14761422.0,15436265.0,16148109.0,16908165.0,2025-01-08 18:32:11+00:00
unsloth/Meta-Llama-3.1-8B-Instruct-bnb-4bit,0.0,0.0,0.0,0.0,0.0,0.0,0.0,0.0,0.0,0.0,0.0,0.0,0.0,0.0,0.0,0.0,0.0,0.0,0.0,0.0,0.0,0.0,0.0,10190.0,26181.0,47355.0,72541.0,103538.0,141058.0,187057.0,248437.0,315503.0,388763.0,466705.0,548308.0,637403.0,733454.0,837215.0,954253.0,1078794.0,1207223.0,1341266.0,1482914.0,1633571.0,1794555.0,1961360.0,2132282.0,2308557.0,2489792.0,2678273.0,2874822.0,3080046.0,3296743.0,3515074.0,3737597.0,3968768.0,4204125.0,4457501.0,4710877.0,4976370.0,5242682.0,5498405.0,5751831.0,6011190.0,6278871.0,6546552.0,6840435.0,7136240.0,7427583.0,7712786.0,8002225.0,8295298.0,8589196.0,8882333.0,9173707.0,9463982.0,9756682.0,10050779.0,10347874.0,10643430.0,10938986.0,11223634.0,11508282.0,11781882.0,12042465.0,12297944.0,12553423.0,12792253.0,13031083.0,13252980.0,13471598.0,13712384.0,13967910.0,14245028.0,14519134.0,14780653.0,15030005.0,15276191.0,15524397.0,15774234.0,16021308.0,16021308.0,16265225.0,16504928.0,16740777.0,16978622.0,17219832.0,17462443.0,17706746.0,17950522.0,18194402.0,18438282.0,18695530.0,18960580.0,19235745.0,19519429.0,19810776.0,20111752.0,20424181.0,20749961.0,21094696.0,21439755.0,21780039.0,22096560.0,22412128.0,22727696.0,23051364.0,23393691.0,23775539.0,24215034.0,24676665.0,25139212.0,25603850.0,26073956.0,26574466.0,27086940.0,27603397.0,28121533.0,28639105.0,29162976.0,29700527.0,30295918.0,30912078.0,31556529.0,32206692.0,32863920.0,33513208.0,34158103.0,34801153.0,35444876.0,36083023.0,36713276.0,37338961.0,37966886.0,38597637.0,39234907.0,39876934.0,40516994.0,41157233.0,41750390.0,42343547.0,42913296.0,43492154.0,44078511.0,44654287.0,45221802.0,45781215.0,46341488.0,46908377.0,47474734.0,48036217.0,48575196.0,49055387.0,49505065.0,49954743.0,50379437.0,50806502.0,51233567.0,51649606.0,52059450.0,52459272.0,52854155.0,53242278.0,53630763.0,54014936.0,54400210.0,54777846.0,55146791.0,55482872.0,55818953.0,56124757.0,56416375.0,56705940.0,57026396.0,57348476.0,57668353.0,57994886.0,58325724.0,58656502.0,58991873.0,59335486.0,59683055.0,60035135.0,60394664.0,60756615.0,61127177.0,61495448.0,61864502.0,62239561.0,62614117.0,62992110.0,63377228.0,63767218.0,64156686.0,64550089.0,64942332.0,65442760.0,66038781.0,66653078.0,67273032.0,67899764.0,68536946.0,69189324.0,69854155.0,70531599.0,71230851.0,71945945.0,72681049.0,73433203.0,74185973.0,74937180.0,75696391.0,2024-07-23 16:09:09+00:00
EonNextPlatform/pyannote-wespeaker-voxceleb-resnet34-LM,0.0,0.0,0.0,0.0,0.0,0.0,0.0,0.0,0.0,0.0,0.0,0.0,0.0,0.0,0.0,0.0,0.0,0.0,0.0,0.0,0.0,0.0,0.0,0.0,0.0,0.0,0.0,0.0,0.0,0.0,0.0,0.0,0.0,0.0,0.0,0.0,0.0,0.0,0.0,0.0,0.0,0.0,0.0,0.0,0.0,0.0,0.0,0.0,0.0,0.0,0.0,0.0,0.0,0.0,0.0,0.0,0.0,0.0,0.0,0.0,0.0,0.0,0.0,0.0,0.0,0.0,0.0,0.0,0.0,0.0,0.0,0.0,0.0,0.0,0.0,0.0,0.0,0.0,0.0,0.0,0.0,0.0,0.0,0.0,0.0,0.0,0.0,0.0,0.0,0.0,0.0,0.0,0.0,0.0,0.0,0.0,0.0,0.0,0.0,0.0,0.0,0.0,0.0,0.0,0.0,0.0,0.0,0.0,0.0,0.0,0.0,0.0,0.0,0.0,0.0,0.0,0.0,0.0,0.0,0.0,0.0,0.0,0.0,0.0,0.0,0.0,0.0,0.0,0.0,0.0,0.0,0.0,0.0,0.0,0.0,0.0,0.0,0.0,0.0,0.0,0.0,0.0,0.0,0.0,0.0,0.0,0.0,0.0,0.0,0.0,0.0,0.0,0.0,0.0,0.0,0.0,0.0,0.0,0.0,0.0,0.0,0.0,0.0,0.0,0.0,0.0,0.0,0.0,0.0,1.0,2.0,3.0,8805.0,17607.0,26409.0,41388.0,68165.0,94942.0,122228.0,167890.0,213552.0,259253.0,304960.0,350667.0,396374.0,442085.0,520179.0,598273.0,700281.0,802289.0,924967.0,1047670.0,1202662.0,1544509.0,1887813.0,2232486.0,2621548.0,3045922.0,3505308.0,3996384.0,4517473.0,5038564.0,5550854.0,6110558.0,6707593.0,7331779.0,7975472.0,8646874.0,9318246.0,9971280.0,10670516.0,11406571.0,12175986.0,12973817.0,13801274.0,14628729.0,15425297.0,16254487.0,17097548.0,17882358.0,18649353.0,19411482.0,20141400.0,20839765.0,21581072.0,22354972.0,23116629.0,23873739.0,24622883.0,25340306.0,26027717.0,26760014.0,2024-12-16 16:05:43+00:00
EonNextPlatform/segmentation-3.0,0.0,0.0,0.0,0.0,0.0,0.0,0.0,0.0,0.0,0.0,0.0,0.0,0.0,0.0,0.0,0.0,0.0,0.0,0.0,0.0,0.0,0.0,0.0,0.0,0.0,0.0,0.0,0.0,0.0,0.0,0.0,0.0,0.0,0.0,0.0,0.0,0.0,0.0,0.0,0.0,0.0,0.0,0.0,0.0,0.0,0.0,0.0,0.0,0.0,0.0,0.0,0.0,0.0,0.0,0.0,0.0,0.0,0.0,0.0,0.0,0.0,0.0,0.0,0.0,0.0,0.0,0.0,0.0,0.0,0.0,0.0,0.0,0.0,0.0,0.0,0.0,0.0,0.0,0.0,0.0,0.0,0.0,0.0,0.0,0.0,0.0,0.0,0.0,0.0,0.0,0.0,0.0,0.0,0.0,0.0,0.0,0.0,0.0,0.0,0.0,0.0,0.0,0.0,0.0,0.0,0.0,0.0,0.0,0.0,0.0,0.0,0.0,0.0,0.0,0.0,0.0,0.0,0.0,0.0,0.0,0.0,0.0,0.0,0.0,0.0,0.0,0.0,0.0,0.0,0.0,0.0,0.0,0.0,0.0,0.0,0.0,0.0,0.0,0.0,0.0,0.0,0.0,0.0,0.0,0.0,0.0,0.0,0.0,0.0,0.0,0.0,0.0,0.0,0.0,0.0,0.0,0.0,0.0,0.0,0.0,0.0,0.0,0.0,0.0,0.0,0.0,0.0,0.0,0.0,0.0,0.0,0.0,8870.0,17741.0,26612.0,41616.0,68418.0,95220.0,122531.0,168242.0,213953.0,259666.0,305384.0,351102.0,396820.0,442543.0,520648.0,598753.0,700771.0,802789.0,925469.0,1048173.0,1203140.0,1544975.0,1888267.0,2232930.0,2621988.0,3046367.0,3505771.0,3996834.0,4517896.0,5038960.0,5551154.0,6110759.0,6707694.0,7331872.0,7975557.0,8646946.0,9318306.0,9971304.0,10670502.0,11406505.0,12175914.0,12973702.0,13801114.0,14628526.0,15425053.0,16254165.0,17097153.0,17881903.0,18648828.0,19410893.0,20140766.0,20839061.0,21580250.0,22354019.0,23115525.0,23872449.0,24621389.0,25338640.0,26025896.0,26758057.0,2024-12-16 15:54:00+00:00
EonNextPlatform/speaker-diarization-3.1,0.0,0.0,0.0,0.0,0.0,0.0,0.0,0.0,0.0,0.0,0.0,0.0,0.0,0.0,0.0,0.0,0.0,0.0,0.0,0.0,0.0,0.0,0.0,0.0,0.0,0.0,0.0,0.0,0.0,0.0,0.0,0.0,0.0,0.0,0.0,0.0,0.0,0.0,0.0,0.0,0.0,0.0,0.0,0.0,0.0,0.0,0.0,0.0,0.0,0.0,0.0,0.0,0.0,0.0,0.0,0.0,0.0,0.0,0.0,0.0,0.0,0.0,0.0,0.0,0.0,0.0,0.0,0.0,0.0,0.0,0.0,0.0,0.0,0.0,0.0,0.0,0.0,0.0,0.0,0.0,0.0,0.0,0.0,0.0,0.0,0.0,0.0,0.0,0.0,0.0,0.0,0.0,0.0,0.0,0.0,0.0,0.0,0.0,0.0,0.0,0.0,0.0,0.0,0.0,0.0,0.0,0.0,0.0,0.0,0.0,0.0,0.0,0.0,0.0,0.0,0.0,0.0,0.0,0.0,0.0,0.0,0.0,0.0,0.0,0.0,0.0,0.0,0.0,0.0,0.0,0.0,0.0,0.0,0.0,0.0,0.0,0.0,0.0,0.0,0.0,0.0,0.0,0.0,0.0,0.0,0.0,0.0,0.0,0.0,0.0,0.0,0.0,0.0,0.0,0.0,0.0,0.0,0.0,0.0,0.0,0.0,0.0,0.0,0.0,0.0,0.0,0.0,0.0,0.0,2.0,5.0,8.0,8953.0,17898.0,26843.0,41957.0,68864.0,95771.0,123187.0,168989.0,214791.0,260593.0,306400.0,352208.0,398022.0,443840.0,522042.0,600244.0,702359.0,804474.0,927258.0,1050068.0,1205121.0,1547052.0,1890440.0,2235199.0,2624342.0,3048798.0,3508275.0,3999474.0,4520659.0,5041846.0,5554093.0,6113750.0,6710737.0,7334917.0,7978610.0,8650018.0,9321400.0,9974430.0,10673674.0,11409736.0,12179192.0,12977087.0,13804600.0,14632109.0,15428729.0,16257921.0,17100973.0,17885750.0,18652721.0,19414770.0,20144648.0,20842986.0,21584225.0,22358034.0,23119558.0,23876490.0,24625442.0,25342640.0,26029855.0,26761962.0,2024-12-17 12:32:13+00:00
internlm/internlm-xcomposer2d5-clip,0.0,0.0,116.0,1323.0,3456.0,6161.0,9306.0,14022.0,20747.0,29385.0,38990.0,49385.0,59934.0,71092.0,83509.0,97259.0,113779.0,133683.0,154712.0,176741.0,199548.0,223766.0,247984.0,275617.0,305315.0,337402.0,370276.0,403967.0,439461.0,477270.0,516399.0,556790.0,597909.0,638536.0,678398.0,718706.0,760279.0,801930.0,842802.0,882537.0,921447.0,959788.0,999855.0,1041571.0,1082829.0,1123799.0,1163488.0,1199539.0,1235287.0,1271243.0,1307868.0,1344425.0,1381392.0,1417611.0,1452644.0,1485991.0,1519050.0,1553436.0,1588046.0,1622465.0,1656003.0,1688532.0,1720280.0,1752424.0,1785232.0,1817807.0,1849669.0,1881064.0,1912092.0,1942881.0,1974672.0,2007074.0,2039849.0,2070877.0,2101688.0,2132377.0,2162779.0,2193564.0,2224153.0,2254340.0,2283876.0,2311828.0,2339780.0,2365329.0,2390779.0,2416864.0,2442949.0,2473486.0,2504023.0,2532182.0,2559995.0,2588957.0,2619466.0,2651778.0,2685855.0,2720797.0,2755486.0,2789814.0,2825606.0,2861753.0,2898261.0,2898261.0,2934780.0,2970962.0,3006646.0,3042859.0,3082058.0,3168727.0,3259491.0,3362447.0,3472707.0,3582967.0,3694479.0,3807447.0,3920636.0,4033429.0,4144832.0,4251033.0,4356025.0,4461132.0,4579815.0,4715795.0,4861588.0,5009344.0,5161315.0,5313286.0,5484535.0,5655899.0,5826369.0,6006180.0,6206947.0,6412283.0,6616930.0,6876581.0,7147151.0,7418103.0,7710658.0,7953807.0,8201724.0,8441015.0,8672270.0,8919752.0,9171905.0,9423326.0,9680334.0,9939310.0,10220715.0,10503169.0,10788948.0,11080643.0,11413078.0,11743425.0,12067942.0,12383884.0,12693444.0,13000181.0,13309398.0,13622852.0,13942655.0,14272640.0,14602625.0,14913238.0,15225510.0,15537681.0,15810592.0,16082399.0,16335348.0,16583481.0,16825106.0,17065922.0,17306717.0,17529495.0,17788613.0,18042435.0,18296257.0,18541300.0,18765317.0,18986257.0,19250449.0,19529826.0,19789325.0,20001544.0,20213703.0,20426102.0,20637999.0,20884823.0,21124353.0,21347111.0,21564416.0,21781721.0,21973172.0,22158633.0,22346427.0,22518362.0,22684472.0,22850210.0,23016188.0,23182752.0,23356232.0,23532925.0,23709932.0,23900057.0,24063668.0,24221752.0,24386072.0,24561416.0,24765695.0,25009402.0,25690114.0,26405185.0,27118593.0,27873535.0,28652058.0,29430476.0,30208868.0,30967335.0,31707796.0,32448534.0,33189721.0,33931256.0,34672727.0,35407635.0,36141578.0,36874170.0,37606927.0,38339990.0,39073054.0,39806317.0,40535204.0,41257455.0,41979261.0,42698810.0,2024-07-03 11:29:23+00:00
HuggingFaceTB/SmolLM-135M-Instruct,0.0,0.0,0.0,0.0,0.0,0.0,0.0,0.0,0.0,0.0,0.0,0.0,0.0,0.0,0.0,423.0,1538.0,3583.0,6436.0,11946.0,20293.0,31339.0,42385.0,60842.0,82629.0,107417.0,135174.0,166112.0,200412.0,237947.0,277183.0,316703.0,356564.0,396520.0,436602.0,477071.0,517914.0,559124.0,600771.0,642699.0,684764.0,727024.0,769741.0,812919.0,856679.0,900682.0,944288.0,987711.0,1031110.0,1074787.0,1115100.0,1153302.0,1189280.0,1222228.0,1251946.0,1279288.0,1304346.0,1327376.0,1348218.0,1366414.0,1383528.0,1401127.0,1419185.0,1437686.0,1456484.0,1475403.0,1494522.0,1513887.0,1533108.0,1552362.0,1571773.0,1591317.0,1611247.0,1631454.0,1652922.0,1674599.0,1696419.0,1718481.0,1740496.0,1761670.0,1782844.0,1803809.0,1824774.0,1844468.0,1863873.0,1883753.0,1903633.0,1922988.0,1942343.0,1960080.0,1977194.0,1993830.0,2010508.0,2026899.0,2043119.0,2059332.0,2075195.0,2091782.0,2108449.0,2125851.0,2144059.0,2162316.0,2180745.0,2199529.0,2217185.0,2235131.0,2254455.0,2273841.0,2293771.0,2314088.0,2334566.0,2355044.0,2376953.0,2400217.0,2424165.0,2447980.0,2471703.0,2496386.0,2521435.0,2547023.0,2573456.0,2600199.0,2627176.0,2654316.0,2681355.0,2708394.0,2736126.0,2762982.0,2789887.0,2816425.0,2842040.0,2867400.0,2892490.0,2917222.0,2941536.0,2965301.0,2988007.0,3009913.0,3031104.0,3051375.0,3071584.0,3091549.0,3111191.0,3129998.0,3149137.0,3167820.0,3185794.0,3202935.0,3220867.0,3239500.0,3258257.0,3277232.0,3296540.0,3316927.0,3338896.0,3362469.0,3386152.0,3410043.0,3433993.0,3457891.0,3481789.0,3506985.0,3533044.0,3559027.0,3586493.0,3614582.0,3642293.0,3669775.0,3697509.0,3725825.0,3753736.0,3781391.0,3808879.0,3836033.0,3863187.0,3888910.0,3914585.0,3940260.0,3965444.0,3990177.0,4013862.0,4037328.0,4060285.0,4082819.0,4106055.0,4128656.0,4150036.0,4171475.0,4192642.0,4213809.0,4234406.0,4253769.0,4272158.0,4291145.0,4308908.0,4325718.0,4342901.0,4360312.0,4377817.0,4394764.0,4412154.0,4430024.0,4447684.0,4465171.0,4482545.0,4500037.0,4517630.0,4534588.0,4551840.0,4568263.0,4585100.0,4601826.0,4618063.0,4633565.0,4647178.0,4660019.0,4673411.0,4687086.0,4701241.0,4715611.0,4730599.0,4745666.0,4760705.0,4775724.0,4792087.0,4809831.0,4828849.0,4942952.0,5214612.0,5641213.0,6225168.0,6932522.0,2024-07-15 23:02:44+00:00
datalab-to/surya_layout,0.0,0.0,0.0,0.0,0.0,0.0,0.0,0.0,0.0,0.0,0.0,0.0,0.0,0.0,0.0,0.0,0.0,0.0,0.0,0.0,0.0,0.0,0.0,0.0,0.0,0.0,0.0,0.0,0.0,0.0,0.0,0.0,0.0,0.0,0.0,0.0,0.0,0.0,0.0,0.0,0.0,0.0,0.0,0.0,0.0,0.0,0.0,0.0,0.0,0.0,0.0,0.0,0.0,0.0,0.0,0.0,0.0,0.0,0.0,0.0,0.0,0.0,0.0,0.0,0.0,0.0,0.0,0.0,0.0,0.0,0.0,0.0,0.0,0.0,0.0,0.0,0.0,0.0,0.0,0.0,0.0,0.0,0.0,0.0,0.0,0.0,0.0,0.0,0.0,0.0,0.0,0.0,0.0,0.0,0.0,0.0,0.0,0.0,0.0,0.0,0.0,0.0,0.0,0.0,0.0,0.0,0.0,0.0,0.0,0.0,0.0,0.0,0.0,0.0,0.0,0.0,0.0,0.0,0.0,0.0,0.0,0.0,0.0,0.0,0.0,0.0,0.0,0.0,0.0,0.0,0.0,0.0,0.0,0.0,0.0,0.0,0.0,0.0,0.0,0.0,0.0,0.0,0.0,0.0,0.0,0.0,0.0,0.0,0.0,0.0,0.0,0.0,0.0,0.0,0.0,0.0,0.0,0.0,0.0,0.0,0.0,0.0,0.0,0.0,0.0,0.0,0.0,0.0,0.0,0.0,0.0,0.0,9.0,19.0,29.0,45.0,61.0,77.0,93.0,157.0,238.0,344.0,1223.0,4287.0,8383.0,15184.0,25647.0,39547.0,71429.0,103311.0,143334.0,184515.0,232058.0,332245.0,436344.0,542796.0,659154.0,786517.0,926865.0,1086834.0,1278730.0,1487972.0,1724069.0,2068385.0,2460779.0,2870808.0,3296953.0,3738729.0,4221667.0,4863225.0,5561288.0,6271882.0,6993291.0,7726200.0,8469706.0,9218407.0,9966427.0,10716066.0,11459371.0,12187153.0,12910065.0,13626856.0,14354338.0,15085385.0,15824169.0,16573021.0,17326835.0,18076891.0,18820662.0,19552124.0,20260959.0,20957587.0,2024-12-20 19:24:08+00:00
briaai/RMBG-2.0,0.0,0.0,0.0,0.0,0.0,0.0,0.0,0.0,0.0,0.0,0.0,0.0,0.0,0.0,0.0,0.0,0.0,0.0,0.0,0.0,0.0,0.0,0.0,0.0,0.0,0.0,0.0,0.0,0.0,0.0,0.0,0.0,0.0,0.0,0.0,0.0,0.0,0.0,0.0,0.0,0.0,0.0,0.0,0.0,0.0,0.0,0.0,0.0,0.0,0.0,0.0,0.0,0.0,0.0,0.0,0.0,0.0,0.0,0.0,0.0,0.0,0.0,0.0,0.0,0.0,0.0,0.0,0.0,0.0,0.0,0.0,0.0,0.0,0.0,0.0,0.0,0.0,0.0,0.0,0.0,0.0,0.0,0.0,0.0,0.0,0.0,0.0,0.0,0.0,0.0,0.0,0.0,0.0,0.0,0.0,0.0,0.0,0.0,0.0,0.0,0.0,0.0,0.0,0.0,0.0,0.0,0.0,0.0,0.0,0.0,0.0,0.0,0.0,0.0,0.0,0.0,0.0,0.0,0.0,0.0,0.0,0.0,0.0,0.0,0.0,0.0,0.0,0.0,0.0,0.0,0.0,0.0,0.0,0.0,247.0,1669.0,5128.0,11145.0,19728.0,31027.0,46132.0,65566.0,88008.0,113507.0,141808.0,171835.0,204088.0,241113.0,282222.0,327223.0,375982.0,429709.0,486076.0,547125.0,624043.0,708671.0,801353.0,904871.0,1011998.0,1122588.0,1233178.0,1352494.0,1476566.0,1610550.0,1757026.0,1915908.0,2081621.0,2253169.0,2427859.0,2606941.0,2788670.0,2971423.0,3161749.0,3358104.0,3554459.0,3769963.0,4000073.0,4230183.0,4469259.0,4715258.0,4967312.0,5222599.0,5484218.0,5751331.0,6011653.0,6266556.0,6522430.0,6776984.0,7031800.0,7286616.0,7538513.0,7789660.0,8048521.0,8334053.0,8615385.0,8902789.0,9201096.0,9510589.0,9830867.0,10159834.0,10496992.0,10841462.0,11188374.0,11544839.0,11905265.0,12276249.0,12648770.0,13029718.0,13426323.0,13840861.0,14272949.0,14722528.0,15188260.0,15665961.0,16159643.0,16670617.0,17198768.0,17744056.0,18307758.0,18881679.0,19466588.0,20057515.0,20652533.0,21253218.0,21864764.0,22479195.0,23094766.0,23765552.0,24444845.0,25124085.0,25805326.0,26501771.0,2024-10-29 12:14:36+00:00
internlm/internlm-xcomposer2d5-7b,0.0,0.0,129.0,971.0,2311.0,3845.0,5715.0,8540.0,11982.0,15986.0,20559.0,25557.0,30657.0,36077.0,41981.0,48841.0,57540.0,68007.0,79026.0,90391.0,101964.0,114445.0,126926.0,141095.0,156165.0,172280.0,188684.0,205513.0,222826.0,240767.0,259366.0,278772.0,299442.0,322040.0,344081.0,366264.0,389249.0,411659.0,433597.0,455409.0,476765.0,497713.0,519122.0,540841.0,562679.0,584006.0,604100.0,622174.0,639633.0,657306.0,675198.0,692344.0,709624.0,726455.0,742388.0,757504.0,772223.0,787373.0,802523.0,817551.0,831949.0,845617.0,858766.0,868542.0,878484.0,888426.0,897505.0,906295.0,914911.0,923203.0,931551.0,940072.0,948442.0,956546.0,964366.0,971949.0,979609.0,987347.0,994960.0,1002382.0,1009804.0,1016719.0,1023388.0,1029573.0,1035335.0,1041766.0,1048197.0,1056673.0,1065149.0,1073730.0,1082683.0,1092345.0,1102685.0,1113818.0,1125845.0,1138690.0,1152097.0,1166029.0,1181276.0,1197086.0,1213467.0,1230459.0,1247976.0,1265679.0,1283651.0,1302314.0,1321712.0,1341692.0,1362737.0,1384327.0,1406292.0,1428257.0,1451268.0,1475276.0,1499843.0,1524379.0,1548295.0,1571137.0,1593753.0,1616530.0,1639405.0,1662110.0,1684831.0,1707201.0,1728963.0,1750725.0,1771876.0,1793061.0,1813817.0,1834308.0,1854879.0,1875397.0,1895831.0,1916162.0,1936100.0,1955494.0,1974054.0,1991985.0,2008583.0,2024628.0,2040197.0,2055352.0,2069959.0,2083636.0,2096663.0,2108989.0,2120677.0,2131934.0,2142798.0,2153120.0,2163059.0,2172499.0,2181414.0,2190007.0,2198116.0,2205935.0,2213369.0,2220544.0,2227099.0,2232873.0,2238647.0,2243154.0,2247203.0,2250836.0,2254409.0,2257941.0,2261359.0,2264751.0,2268221.0,2271921.0,2275692.0,2280911.0,2310009.0,2339312.0,2368615.0,2398024.0,2427588.0,2457152.0,2517284.0,2596030.0,2676869.0,2757662.0,2838380.0,2919009.0,2999394.0,3107835.0,3216963.0,3325692.0,3434494.0,3543296.0,3652125.0,3760867.0,3871176.0,3988497.0,4105761.0,4223016.0,4340291.0,4458199.0,4584978.0,4715007.0,4845390.0,4986717.0,5114969.0,5241968.0,5374580.0,5518542.0,5681512.0,5870765.0,6522841.0,7197244.0,7869695.0,8582746.0,9319098.0,10055579.0,10792132.0,11512583.0,12220220.0,12927930.0,13635919.0,14344087.0,15052328.0,15753841.0,16454516.0,17154107.0,17853752.0,18553638.0,19253510.0,19953495.0,20647380.0,21334535.0,22021122.0,22703161.0,2024-07-02 10:54:13+00:00
hexgrad/Kokoro-82M,0.0,0.0,0.0,0.0,0.0,0.0,0.0,0.0,0.0,0.0,0.0,0.0,0.0,0.0,0.0,0.0,0.0,0.0,0.0,0.0,0.0,0.0,0.0,0.0,0.0,0.0,0.0,0.0,0.0,0.0,0.0,0.0,0.0,0.0,0.0,0.0,0.0,0.0,0.0,0.0,0.0,0.0,0.0,0.0,0.0,0.0,0.0,0.0,0.0,0.0,0.0,0.0,0.0,0.0,0.0,0.0,0.0,0.0,0.0,0.0,0.0,0.0,0.0,0.0,0.0,0.0,0.0,0.0,0.0,0.0,0.0,0.0,0.0,0.0,0.0,0.0,0.0,0.0,0.0,0.0,0.0,0.0,0.0,0.0,0.0,0.0,0.0,0.0,0.0,0.0,0.0,0.0,0.0,0.0,0.0,0.0,0.0,0.0,0.0,0.0,0.0,0.0,0.0,0.0,0.0,0.0,0.0,0.0,0.0,0.0,0.0,0.0,0.0,0.0,0.0,0.0,0.0,0.0,0.0,0.0,0.0,0.0,0.0,0.0,0.0,0.0,0.0,0.0,0.0,0.0,0.0,0.0,0.0,0.0,0.0,0.0,0.0,0.0,0.0,0.0,0.0,0.0,0.0,0.0,0.0,0.0,0.0,0.0,0.0,0.0,0.0,0.0,0.0,0.0,0.0,0.0,0.0,0.0,0.0,0.0,0.0,0.0,0.0,0.0,0.0,0.0,0.0,0.0,0.0,0.0,0.0,0.0,0.0,0.0,0.0,0.0,0.0,0.0,0.0,27.0,63.0,127.0,223.0,387.0,579.0,1028.0,1745.0,2606.0,3592.0,4578.0,6057.0,7936.0,11343.0,19440.0,29163.0,40517.0,54174.0,69820.0,87890.0,108489.0,131098.0,156113.0,183515.0,212952.0,243862.0,276430.0,310337.0,345551.0,383042.0,421892.0,462501.0,509088.0,564482.0,627280.0,698858.0,783318.0,891624.0,1021087.0,1168841.0,1340776.0,1550159.0,1798103.0,2069335.0,2369789.0,2734157.0,3134054.0,3612725.0,4130575.0,4687967.0,5293070.0,5928732.0,6601694.0,2024-12-26 00:20:08+00:00
mlx-community/Llama-3.3-70B-Instruct-4bit,0.0,0.0,0.0,0.0,0.0,0.0,0.0,0.0,0.0,0.0,0.0,0.0,0.0,0.0,0.0,0.0,0.0,0.0,0.0,0.0,0.0,0.0,0.0,0.0,0.0,0.0,0.0,0.0,0.0,0.0,0.0,0.0,0.0,0.0,0.0,0.0,0.0,0.0,0.0,0.0,0.0,0.0,0.0,0.0,0.0,0.0,0.0,0.0,0.0,0.0,0.0,0.0,0.0,0.0,0.0,0.0,0.0,0.0,0.0,0.0,0.0,0.0,0.0,0.0,0.0,0.0,0.0,0.0,0.0,0.0,0.0,0.0,0.0,0.0,0.0,0.0,0.0,0.0,0.0,0.0,0.0,0.0,0.0,0.0,0.0,0.0,0.0,0.0,0.0,0.0,0.0,0.0,0.0,0.0,0.0,0.0,0.0,0.0,0.0,0.0,0.0,0.0,0.0,0.0,0.0,0.0,0.0,0.0,0.0,0.0,0.0,0.0,0.0,0.0,0.0,0.0,0.0,0.0,0.0,0.0,0.0,0.0,0.0,0.0,0.0,0.0,0.0,0.0,0.0,0.0,0.0,0.0,0.0,0.0,0.0,0.0,0.0,0.0,0.0,0.0,0.0,0.0,0.0,0.0,0.0,0.0,0.0,0.0,0.0,0.0,0.0,0.0,0.0,0.0,0.0,0.0,0.0,0.0,3475.0,35470.0,67465.0,146268.0,251970.0,384625.0,544323.0,728755.0,934806.0,1154785.0,1384055.0,1656035.0,1968342.0,2306092.0,2668868.0,3056705.0,3444542.0,3906495.0,4416725.0,4926955.0,5474906.0,6101312.0,6763438.0,7468465.0,8210741.0,9009244.0,9834404.0,10698810.0,11592989.0,12518807.0,13480081.0,14441355.0,15365727.0,16296724.0,17311420.0,18522210.0,19779859.0,21085184.0,22476608.0,23945891.0,25506581.0,27144972.0,28855442.0,30616844.0,32431129.0,34295917.0,36221345.0,38208173.0,40203021.0,42210066.0,44245595.0,46279895.0,48311878.0,50326060.0,52315927.0,54264562.0,56183032.0,58066407.0,59917422.0,61740587.0,63524831.0,65271641.0,66973911.0,68582178.0,70082272.0,71497875.0,72845220.0,74123492.0,75298729.0,76370566.0,77348485.0,78216551.0,78967171.0,79635577.0,2024-12-06 17:13:22+00:00
x2bee/plateer_classifier_v0.1,0.0,0.0,0.0,0.0,0.0,0.0,0.0,0.0,0.0,0.0,0.0,0.0,0.0,0.0,0.0,0.0,0.0,0.0,0.0,0.0,0.0,0.0,0.0,0.0,0.0,0.0,0.0,0.0,0.0,0.0,0.0,0.0,0.0,0.0,0.0,0.0,0.0,0.0,0.0,0.0,0.0,0.0,0.0,0.0,0.0,0.0,0.0,0.0,0.0,0.0,0.0,0.0,0.0,0.0,0.0,0.0,0.0,0.0,0.0,0.0,0.0,0.0,0.0,0.0,0.0,0.0,0.0,0.0,0.0,0.0,0.0,0.0,0.0,0.0,0.0,0.0,0.0,0.0,0.0,0.0,0.0,0.0,0.0,0.0,0.0,0.0,0.0,0.0,0.0,0.0,0.0,0.0,0.0,0.0,0.0,0.0,0.0,0.0,0.0,0.0,0.0,0.0,0.0,0.0,0.0,0.0,0.0,0.0,0.0,0.0,0.0,0.0,0.0,0.0,0.0,0.0,0.0,0.0,0.0,0.0,0.0,0.0,0.0,0.0,0.0,0.0,0.0,0.0,0.0,0.0,0.0,0.0,0.0,0.0,0.0,0.0,0.0,0.0,0.0,0.0,0.0,0.0,0.0,0.0,0.0,0.0,0.0,0.0,0.0,0.0,0.0,0.0,0.0,0.0,0.0,0.0,0.0,0.0,0.0,0.0,0.0,0.0,0.0,0.0,0.0,0.0,0.0,0.0,0.0,0.0,0.0,0.0,0.0,0.0,0.0,0.0,0.0,0.0,0.0,0.0,0.0,0.0,0.0,0.0,0.0,0.0,0.0,0.0,0.0,0.0,0.0,0.0,0.0,0.0,0.0,0.0,0.0,0.0,30.0,170.0,310.0,450.0,590.0,730.0,915.0,41902.0,127234.0,255277.0,427362.0,643596.0,904124.0,1208919.0,1553387.0,1931921.0,2346700.0,2804813.0,3306910.0,3852337.0,4441002.0,5072585.0,5738177.0,6403769.0,7069361.0,7734954.0,8400553.0,9066157.0,9731763.0,10397370.0,11062969.0,11728443.0,12393920.0,13059397.0,2024-12-02 12:04:46+00:00
lmstudio-community/DeepSeek-R1-Distill-Llama-8B-GGUF,0.0,0.0,0.0,0.0,0.0,0.0,0.0,0.0,0.0,0.0,0.0,0.0,0.0,0.0,0.0,0.0,0.0,0.0,0.0,0.0,0.0,0.0,0.0,0.0,0.0,0.0,0.0,0.0,0.0,0.0,0.0,0.0,0.0,0.0,0.0,0.0,0.0,0.0,0.0,0.0,0.0,0.0,0.0,0.0,0.0,0.0,0.0,0.0,0.0,0.0,0.0,0.0,0.0,0.0,0.0,0.0,0.0,0.0,0.0,0.0,0.0,0.0,0.0,0.0,0.0,0.0,0.0,0.0,0.0,0.0,0.0,0.0,0.0,0.0,0.0,0.0,0.0,0.0,0.0,0.0,0.0,0.0,0.0,0.0,0.0,0.0,0.0,0.0,0.0,0.0,0.0,0.0,0.0,0.0,0.0,0.0,0.0,0.0,0.0,0.0,0.0,0.0,0.0,0.0,0.0,0.0,0.0,0.0,0.0,0.0,0.0,0.0,0.0,0.0,0.0,0.0,0.0,0.0,0.0,0.0,0.0,0.0,0.0,0.0,0.0,0.0,0.0,0.0,0.0,0.0,0.0,0.0,0.0,0.0,0.0,0.0,0.0,0.0,0.0,0.0,0.0,0.0,0.0,0.0,0.0,0.0,0.0,0.0,0.0,0.0,0.0,0.0,0.0,0.0,0.0,0.0,0.0,0.0,0.0,0.0,0.0,0.0,0.0,0.0,0.0,0.0,0.0,0.0,0.0,0.0,0.0,0.0,0.0,0.0,0.0,0.0,0.0,0.0,0.0,0.0,0.0,0.0,0.0,0.0,0.0,0.0,0.0,0.0,0.0,0.0,0.0,0.0,0.0,0.0,0.0,0.0,0.0,0.0,0.0,0.0,0.0,0.0,0.0,3499.0,15521.0,35257.0,62113.0,94225.0,132916.0,178967.0,245694.0,356268.0,514205.0,696340.0,907446.0,1147535.0,1422666.0,1724220.0,2059836.0,2433241.0,2836815.0,3271520.0,3732577.0,4213744.0,4720837.0,5251241.0,5817239.0,6397217.0,6985914.0,7630614.0,8283408.0,8944883.0,2025-01-20 14:52:51+00:00
bartowski/DeepSeek-R1-Distill-Qwen-7B-GGUF,0.0,0.0,0.0,0.0,0.0,0.0,0.0,0.0,0.0,0.0,0.0,0.0,0.0,0.0,0.0,0.0,0.0,0.0,0.0,0.0,0.0,0.0,0.0,0.0,0.0,0.0,0.0,0.0,0.0,0.0,0.0,0.0,0.0,0.0,0.0,0.0,0.0,0.0,0.0,0.0,0.0,0.0,0.0,0.0,0.0,0.0,0.0,0.0,0.0,0.0,0.0,0.0,0.0,0.0,0.0,0.0,0.0,0.0,0.0,0.0,0.0,0.0,0.0,0.0,0.0,0.0,0.0,0.0,0.0,0.0,0.0,0.0,0.0,0.0,0.0,0.0,0.0,0.0,0.0,0.0,0.0,0.0,0.0,0.0,0.0,0.0,0.0,0.0,0.0,0.0,0.0,0.0,0.0,0.0,0.0,0.0,0.0,0.0,0.0,0.0,0.0,0.0,0.0,0.0,0.0,0.0,0.0,0.0,0.0,0.0,0.0,0.0,0.0,0.0,0.0,0.0,0.0,0.0,0.0,0.0,0.0,0.0,0.0,0.0,0.0,0.0,0.0,0.0,0.0,0.0,0.0,0.0,0.0,0.0,0.0,0.0,0.0,0.0,0.0,0.0,0.0,0.0,0.0,0.0,0.0,0.0,0.0,0.0,0.0,0.0,0.0,0.0,0.0,0.0,0.0,0.0,0.0,0.0,0.0,0.0,0.0,0.0,0.0,0.0,0.0,0.0,0.0,0.0,0.0,0.0,0.0,0.0,0.0,0.0,0.0,0.0,0.0,0.0,0.0,0.0,0.0,0.0,0.0,0.0,0.0,0.0,0.0,0.0,0.0,0.0,0.0,0.0,0.0,0.0,0.0,0.0,0.0,0.0,0.0,0.0,0.0,0.0,0.0,111938.0,237759.0,377830.0,527018.0,693216.0,866778.0,1052337.0,1262950.0,1510475.0,1780646.0,2069754.0,2377820.0,2701638.0,3056284.0,3448262.0,3870306.0,4324027.0,4816744.0,5330886.0,5867218.0,6411924.0,6971431.0,7547419.0,8136586.0,8741031.0,9353932.0,9973260.0,10610035.0,11253802.0,2025-01-20 14:53:04+00:00
conjuncts/ditr-e15,0.0,0.0,0.0,0.0,0.0,0.0,0.0,0.0,0.0,0.0,0.0,0.0,0.0,0.0,0.0,0.0,0.0,0.0,0.0,0.0,0.0,0.0,0.0,0.0,0.0,0.0,0.0,0.0,0.0,0.0,0.0,0.0,0.0,0.0,0.0,0.0,0.0,0.0,0.0,0.0,0.0,0.0,0.0,0.0,0.0,0.0,0.0,0.0,0.0,0.0,0.0,0.0,0.0,0.0,0.0,0.0,0.0,0.0,0.0,0.0,0.0,0.0,0.0,0.0,0.0,0.0,0.0,0.0,0.0,0.0,0.0,0.0,0.0,0.0,0.0,0.0,0.0,0.0,0.0,0.0,0.0,0.0,0.0,0.0,0.0,0.0,0.0,0.0,0.0,0.0,0.0,0.0,0.0,0.0,0.0,0.0,0.0,0.0,0.0,0.0,0.0,0.0,0.0,0.0,0.0,0.0,0.0,0.0,0.0,0.0,0.0,0.0,0.0,0.0,0.0,0.0,0.0,0.0,0.0,0.0,0.0,0.0,0.0,0.0,0.0,0.0,0.0,0.0,0.0,55.0,112.0,169.0,226.0,286.0,378.0,479.0,593.0,764.0,935.0,1120.0,1466.0,1826.0,2190.0,2554.0,2918.0,3282.0,3646.0,4678.0,6145.0,7612.0,9354.0,11928.0,14502.0,17082.0,19675.0,22316.0,24985.0,27693.0,30511.0,33329.0,36147.0,39606.0,51147.0,67361.0,85088.0,136684.0,208798.0,293888.0,407116.0,560579.0,757782.0,997548.0,1248935.0,1549165.0,1849395.0,2245548.0,2684821.0,3124094.0,3649201.0,4209576.0,4795933.0,5420524.0,6107376.0,6849165.0,7625056.0,8457736.0,9318774.0,10225028.0,11170583.0,12116138.0,13086564.0,14070747.0,15090453.0,16288403.0,17539665.0,18784173.0,20020513.0,21294312.0,22615326.0,23943606.0,25259757.0,26520113.0,27785146.0,29075970.0,30322729.0,31536263.0,32769373.0,33986091.0,35279411.0,36555286.0,37901759.0,39282196.0,40638776.0,41968688.0,43267642.0,44517482.0,45724476.0,46904507.0,48050348.0,49145284.0,50175971.0,51163496.0,52105838.0,53008161.0,53863520.0,54706654.0,55531384.0,56323215.0,57052171.0,57729947.0,58372263.0,59013590.0,2024-10-26 19:03:05+00:00
mradermacher/DeepSeek-R1-Distill-Llama-8B-Abliterated-GGUF,0.0,0.0,0.0,0.0,0.0,0.0,0.0,0.0,0.0,0.0,0.0,0.0,0.0,0.0,0.0,0.0,0.0,0.0,0.0,0.0,0.0,0.0,0.0,0.0,0.0,0.0,0.0,0.0,0.0,0.0,0.0,0.0,0.0,0.0,0.0,0.0,0.0,0.0,0.0,0.0,0.0,0.0,0.0,0.0,0.0,0.0,0.0,0.0,0.0,0.0,0.0,0.0,0.0,0.0,0.0,0.0,0.0,0.0,0.0,0.0,0.0,0.0,0.0,0.0,0.0,0.0,0.0,0.0,0.0,0.0,0.0,0.0,0.0,0.0,0.0,0.0,0.0,0.0,0.0,0.0,0.0,0.0,0.0,0.0,0.0,0.0,0.0,0.0,0.0,0.0,0.0,0.0,0.0,0.0,0.0,0.0,0.0,0.0,0.0,0.0,0.0,0.0,0.0,0.0,0.0,0.0,0.0,0.0,0.0,0.0,0.0,0.0,0.0,0.0,0.0,0.0,0.0,0.0,0.0,0.0,0.0,0.0,0.0,0.0,0.0,0.0,0.0,0.0,0.0,0.0,0.0,0.0,0.0,0.0,0.0,0.0,0.0,0.0,0.0,0.0,0.0,0.0,0.0,0.0,0.0,0.0,0.0,0.0,0.0,0.0,0.0,0.0,0.0,0.0,0.0,0.0,0.0,0.0,0.0,0.0,0.0,0.0,0.0,0.0,0.0,0.0,0.0,0.0,0.0,0.0,0.0,0.0,0.0,0.0,0.0,0.0,0.0,0.0,0.0,0.0,0.0,0.0,0.0,0.0,0.0,0.0,0.0,0.0,0.0,0.0,0.0,0.0,0.0,0.0,0.0,0.0,0.0,0.0,0.0,0.0,0.0,0.0,0.0,126.0,1044.0,2816.0,5581.0,9391.0,14721.0,21071.0,29459.0,42260.0,65650.0,93248.0,124871.0,162515.0,202735.0,248730.0,297181.0,347076.0,402595.0,461819.0,528522.0,598105.0,668560.0,910773.0,1513709.0,2121178.0,2732635.0,3346634.0,3967460.0,4591757.0,2025-01-21 03:44:28+00:00
modularai/Llama-3.1-8B-Instruct-GGUF,0.0,0.0,0.0,0.0,0.0,0.0,0.0,0.0,0.0,0.0,0.0,0.0,0.0,0.0,0.0,0.0,0.0,0.0,0.0,0.0,0.0,0.0,0.0,0.0,0.0,0.0,0.0,0.0,0.0,0.0,0.0,0.0,0.0,0.0,0.0,0.0,0.0,0.0,0.0,0.0,0.0,0.0,0.0,0.0,0.0,0.0,0.0,0.0,0.0,0.0,0.0,0.0,0.0,0.0,0.0,0.0,0.0,0.0,0.0,0.0,0.0,0.0,0.0,0.0,0.0,0.0,0.0,0.0,0.0,0.0,0.0,0.0,0.0,0.0,0.0,0.0,0.0,0.0,0.0,0.0,0.0,0.0,0.0,0.0,0.0,0.0,0.0,0.0,0.0,0.0,0.0,0.0,0.0,0.0,0.0,0.0,0.0,0.0,0.0,0.0,0.0,0.0,0.0,0.0,0.0,0.0,0.0,0.0,0.0,0.0,0.0,0.0,0.0,0.0,0.0,0.0,0.0,0.0,0.0,0.0,0.0,0.0,0.0,0.0,0.0,0.0,0.0,0.0,0.0,0.0,0.0,0.0,0.0,0.0,0.0,0.0,0.0,0.0,0.0,0.0,0.0,0.0,0.0,0.0,0.0,0.0,0.0,0.0,0.0,0.0,0.0,0.0,0.0,0.0,0.0,0.0,0.0,0.0,0.0,0.0,0.0,0.0,0.0,0.0,0.0,0.0,0.0,0.0,0.0,0.0,0.0,0.0,0.0,0.0,0.0,0.0,0.0,0.0,0.0,0.0,0.0,0.0,0.0,0.0,0.0,0.0,0.0,0.0,0.0,0.0,0.0,0.0,0.0,0.0,0.0,0.0,0.0,0.0,0.0,0.0,0.0,0.0,0.0,0.0,0.0,0.0,0.0,0.0,0.0,0.0,0.0,0.0,0.0,0.0,0.0,0.0,0.0,0.0,0.0,0.0,0.0,0.0,0.0,0.0,0.0,647669.0,1309798.0,1984095.0,2660369.0,3313440.0,3941391.0,4564868.0,2024-09-04 18:48:44+00:00
MaziyarPanahi/Llama-3.2-3B-Instruct-GGUF,0.0,0.0,0.0,0.0,0.0,0.0,0.0,0.0,0.0,0.0,0.0,0.0,0.0,0.0,0.0,0.0,0.0,0.0,0.0,0.0,0.0,0.0,0.0,0.0,0.0,0.0,0.0,0.0,0.0,0.0,0.0,0.0,0.0,0.0,0.0,0.0,0.0,0.0,0.0,0.0,0.0,0.0,0.0,0.0,0.0,0.0,0.0,0.0,0.0,0.0,0.0,0.0,0.0,0.0,0.0,0.0,0.0,0.0,0.0,0.0,0.0,0.0,0.0,0.0,0.0,0.0,0.0,0.0,0.0,0.0,0.0,0.0,0.0,0.0,0.0,0.0,0.0,0.0,0.0,0.0,0.0,0.0,0.0,0.0,0.0,0.0,0.0,0.0,236.0,506.0,795.0,1086.0,1384.0,7520.0,19663.0,38334.0,63914.0,95803.0,130894.0,171274.0,218164.0,271607.0,331869.0,398846.0,472443.0,551909.0,635881.0,724823.0,821348.0,924585.0,1034321.0,1144057.0,1264996.0,1392435.0,1526163.0,1665037.0,1818077.0,1997856.0,2204177.0,2442042.0,2724172.0,3022362.0,3342264.0,3681101.0,4050795.0,4420489.0,4997355.0,5670428.0,6478869.0,7434104.0,8491337.0,9626541.0,10896145.0,12228917.0,13626780.0,15130649.0,16723369.0,18389705.0,20139349.0,21987242.0,23855560.0,25735983.0,27610229.0,29479407.0,31342622.0,33201529.0,35048771.0,36927744.0,38780232.0,40635972.0,42453511.0,44250247.0,46025850.0,47781375.0,49540948.0,51327062.0,53053072.0,54716912.0,56382103.0,58039644.0,59697185.0,61198219.0,62630772.0,64059854.0,65573395.0,67099219.0,68716564.0,70462530.0,72268147.0,74170688.0,76129846.0,78100863.0,80074362.0,82135665.0,84196968.0,86417286.0,88637517.0,90857748.0,93090151.0,95289602.0,97489440.0,99689431.0,101888740.0,104164527.0,106404670.0,108643818.0,110924674.0,113193851.0,115332663.0,117471475.0,119527615.0,121520529.0,123522947.0,125768635.0,127953268.0,130050928.0,131972482.0,133694045.0,135301291.0,136709666.0,138032562.0,139299169.0,140588420.0,141788806.0,142850341.0,143891349.0,144960405.0,145990017.0,147009518.0,148053333.0,149096532.0,150139609.0,151204620.0,152254074.0,153252377.0,154167164.0,155040156.0,155888458.0,156781459.0,157603708.0,158318668.0,158962094.0,159523705.0,160067625.0,160560103.0,161013798.0,161468707.0,161929810.0,162456679.0,163025500.0,163615195.0,164236687.0,2024-09-25 19:00:39+00:00
MaziyarPanahi/Llama-3.3-70B-Instruct-GGUF,0.0,0.0,0.0,0.0,0.0,0.0,0.0,0.0,0.0,0.0,0.0,0.0,0.0,0.0,0.0,0.0,0.0,0.0,0.0,0.0,0.0,0.0,0.0,0.0,0.0,0.0,0.0,0.0,0.0,0.0,0.0,0.0,0.0,0.0,0.0,0.0,0.0,0.0,0.0,0.0,0.0,0.0,0.0,0.0,0.0,0.0,0.0,0.0,0.0,0.0,0.0,0.0,0.0,0.0,0.0,0.0,0.0,0.0,0.0,0.0,0.0,0.0,0.0,0.0,0.0,0.0,0.0,0.0,0.0,0.0,0.0,0.0,0.0,0.0,0.0,0.0,0.0,0.0,0.0,0.0,0.0,0.0,0.0,0.0,0.0,0.0,0.0,0.0,0.0,0.0,0.0,0.0,0.0,0.0,0.0,0.0,0.0,0.0,0.0,0.0,0.0,0.0,0.0,0.0,0.0,0.0,0.0,0.0,0.0,0.0,0.0,0.0,0.0,0.0,0.0,0.0,0.0,0.0,0.0,0.0,0.0,0.0,0.0,0.0,0.0,0.0,0.0,0.0,0.0,0.0,0.0,0.0,0.0,0.0,0.0,0.0,0.0,0.0,0.0,0.0,0.0,0.0,0.0,0.0,0.0,0.0,0.0,0.0,0.0,0.0,0.0,0.0,0.0,0.0,0.0,0.0,0.0,0.0,272.0,89198.0,178124.0,312438.0,491737.0,726412.0,1050192.0,1508705.0,2152722.0,2982266.0,3955004.0,5129780.0,6387702.0,7686662.0,8988584.0,10379179.0,11769774.0,13311966.0,14854884.0,16397802.0,18013770.0,19637488.0,21261961.0,22887324.0,24513080.0,26216229.0,27925956.0,29743196.0,31678163.0,33642816.0,35607968.0,37573120.0,39482026.0,41356406.0,43265156.0,45434879.0,47566917.0,49602524.0,51477385.0,53167524.0,54743429.0,56120919.0,57412911.0,58649561.0,59908048.0,61078526.0,62119430.0,63139712.0,64188128.0,65194141.0,66190110.0,67206905.0,68218969.0,69232201.0,70266336.0,71286744.0,72257259.0,73144633.0,73988880.0,74802095.0,75660814.0,76449732.0,77126772.0,77735139.0,78258974.0,78769575.0,79249546.0,79706194.0,80164713.0,80630231.0,81148171.0,81705160.0,82283892.0,82894868.0,2024-12-06 18:23:37+00:00
comfyanonymous/hunyuan_dit_comfyui,0.0,0.0,0.0,0.0,0.0,0.0,0.0,0.0,0.0,0.0,0.0,0.0,0.0,0.0,0.0,0.0,0.0,0.0,0.0,0.0,0.0,0.0,0.0,0.0,0.0,335.0,1184.0,2649.0,4455.0,6406.0,8477.0,10662.0,13012.0,15506.0,18044.0,21056.0,24159.0,27605.0,31245.0,35102.0,39064.0,43296.0,48166.0,53254.0,58458.0,63772.0,69306.0,74956.0,80658.0,86441.0,92273.0,98177.0,104130.0,110116.0,116119.0,121997.0,127425.0,132373.0,137321.0,141686.0,145922.0,150084.0,154108.0,157970.0,161815.0,165600.0,168972.0,172075.0,174952.0,177654.0,180267.0,182635.0,184811.0,186481.0,188129.0,189663.0,191036.0,192290.0,193542.0,194740.0,195938.0,197005.0,198072.0,199103.0,200097.0,201690.0,203283.0,205015.0,206747.0,208581.0,210412.0,212242.0,214081.0,215933.0,217778.0,219629.0,221508.0,223376.0,225232.0,227104.0,228961.0,228961.0,230840.0,232688.0,234470.0,236223.0,237962.0,239703.0,241454.0,243193.0,244999.0,246805.0,248693.0,250579.0,252920.0,255262.0,256771.0,258270.0,259847.0,261308.0,262777.0,264247.0,265824.0,267420.0,268998.0,270576.0,272121.0,273676.0,275234.0,276798.0,278412.0,280025.0,281622.0,283183.0,284767.0,286352.0,288056.0,289760.0,291457.0,293155.0,294809.0,297164.0,299487.0,301889.0,303889.0,305908.0,307971.0,310042.0,312077.0,314122.0,316161.0,318204.0,320127.0,322034.0,323968.0,325936.0,331772.0,337714.0,343691.0,350565.0,357439.0,364361.0,371357.0,378374.0,385478.0,392858.0,400240.0,407814.0,415448.0,423403.0,431438.0,438816.0,446231.0,453667.0,461103.0,468637.0,476174.0,483711.0,491363.0,499037.0,506881.0,514830.0,522845.0,530982.0,539191.0,547424.0,555660.0,560394.0,567107.0,573820.0,579603.0,585309.0,591210.0,598377.0,605530.0,612602.0,619599.0,626428.0,633287.0,640055.0,646846.0,653658.0,660483.0,667427.0,1249685.0,1831945.0,2414427.0,2996881.0,3580034.0,4163405.0,4746719.0,5329938.0,5913156.0,6496319.0,7079694.0,7663082.0,8246654.0,8830075.0,9411498.0,9996913.0,10582459.0,11167859.0,11753276.0,12338461.0,12922995.0,13507635.0,14092479.0,14677318.0,15262129.0,15851896.0,16442027.0,17032592.0,2024-07-25 15:52:33+00:00
ZhengPeng7/BiRefNet,0.0,0.0,0.0,0.0,0.0,0.0,0.0,0.0,0.0,0.0,0.0,0.0,0.0,0.0,0.0,0.0,0.0,0.0,787.0,1585.0,2414.0,3299.0,4184.0,5229.0,6341.0,7542.0,8749.0,10001.0,11426.0,12975.0,14769.0,16794.0,18850.0,20989.0,23237.0,30654.0,38807.0,47862.0,57280.0,67141.0,77230.0,87726.0,98945.0,110575.0,122481.0,134731.0,147527.0,161144.0,176483.0,193436.0,212024.0,232274.0,254044.0,277129.0,301016.0,326159.0,354597.0,386172.0,417747.0,523233.0,630211.0,737809.0,846730.0,960002.0,1076297.0,1192592.0,1314403.0,1438615.0,1564626.0,1692993.0,1825060.0,1963469.0,2106824.0,2255981.0,2408575.0,2564030.0,2721882.0,2883233.0,3048482.0,3217024.0,3385566.0,3554385.0,3723005.0,3890401.0,4058507.0,4231795.0,4405083.0,4581917.0,4758751.0,4866630.0,4975309.0,5087634.0,5202613.0,5319840.0,5437677.0,5553921.0,5667519.0,5782827.0,5900655.0,6023772.0,6150092.0,6283962.0,6421840.0,6561564.0,6703630.0,6850664.0,7002273.0,7158516.0,7318286.0,7483543.0,7655198.0,7826853.0,8014890.0,8214865.0,8426580.0,8645691.0,8879026.0,9118319.0,9367621.0,9633381.0,9913288.0,10199406.0,10514335.0,10834451.0,11220203.0,11605955.0,12110496.0,12638218.0,13183841.0,13762227.0,14365089.0,14977963.0,15599626.0,16246457.0,16911260.0,17593558.0,18289479.0,18998503.0,19717347.0,20445693.0,21196794.0,21961817.0,22737542.0,23525027.0,24317944.0,25114190.0,25910009.0,26718387.0,27544027.0,28381876.0,29218881.0,30066722.0,30920979.0,31771712.0,32600699.0,33374425.0,34109034.0,34853223.0,35601251.0,36343864.0,37086477.0,37837335.0,38596337.0,39351405.0,40113271.0,40872684.0,41636986.0,42404917.0,43186679.0,43974650.0,44763950.0,45539508.0,46313457.0,47090047.0,47866637.0,48658600.0,49463392.0,50268184.0,51063331.0,51855343.0,52654568.0,53456997.0,54268617.0,55102541.0,55923223.0,56746176.0,57572371.0,58397195.0,59214174.0,60031153.0,60794396.0,61531694.0,62268493.0,63072462.0,63870708.0,64667959.0,65474609.0,66280588.0,67078025.0,67870855.0,68666145.0,69458098.0,70252028.0,71043921.0,71826981.0,72617748.0,73401192.0,74179863.0,74975528.0,75772364.0,76571152.0,77373964.0,78171624.0,78929968.0,79675435.0,80406563.0,81123750.0,81833519.0,82530485.0,83215484.0,83888455.0,84554077.0,85204129.0,85845225.0,86480402.0,87106965.0,87717038.0,88323932.0,88925870.0,89519113.0,90107433.0,90695098.0,2024-07-12 08:50:09+00:00
openbmb/MiniCPM-o-2_6,0.0,0.0,0.0,0.0,0.0,0.0,0.0,0.0,0.0,0.0,0.0,0.0,0.0,0.0,0.0,0.0,0.0,0.0,0.0,0.0,0.0,0.0,0.0,0.0,0.0,0.0,0.0,0.0,0.0,0.0,0.0,0.0,0.0,0.0,0.0,0.0,0.0,0.0,0.0,0.0,0.0,0.0,0.0,0.0,0.0,0.0,0.0,0.0,0.0,0.0,0.0,0.0,0.0,0.0,0.0,0.0,0.0,0.0,0.0,0.0,0.0,0.0,0.0,0.0,0.0,0.0,0.0,0.0,0.0,0.0,0.0,0.0,0.0,0.0,0.0,0.0,0.0,0.0,0.0,0.0,0.0,0.0,0.0,0.0,0.0,0.0,0.0,0.0,0.0,0.0,0.0,0.0,0.0,0.0,0.0,0.0,0.0,0.0,0.0,0.0,0.0,0.0,0.0,0.0,0.0,0.0,0.0,0.0,0.0,0.0,0.0,0.0,0.0,0.0,0.0,0.0,0.0,0.0,0.0,0.0,0.0,0.0,0.0,0.0,0.0,0.0,0.0,0.0,0.0,0.0,0.0,0.0,0.0,0.0,0.0,0.0,0.0,0.0,0.0,0.0,0.0,0.0,0.0,0.0,0.0,0.0,0.0,0.0,0.0,0.0,0.0,0.0,0.0,0.0,0.0,0.0,0.0,0.0,0.0,0.0,0.0,0.0,0.0,0.0,0.0,0.0,0.0,0.0,0.0,0.0,0.0,0.0,0.0,0.0,0.0,0.0,0.0,0.0,0.0,0.0,0.0,0.0,0.0,0.0,0.0,0.0,0.0,0.0,0.0,0.0,0.0,0.0,0.0,0.0,0.0,0.0,11.0,1475.0,5776.0,12824.0,25017.0,40005.0,58280.0,82334.0,121496.0,172296.0,229706.0,295428.0,370334.0,450559.0,536824.0,672606.0,841726.0,1032808.0,1248782.0,1490737.0,1738692.0,2008855.0,2308924.0,2624536.0,2989835.0,3370647.0,3774568.0,4194084.0,4654579.0,5151772.0,5673631.0,6203895.0,6738638.0,7275085.0,7827938.0,8404139.0,2025-01-12 07:40:10+00:00
hugging-quants/Meta-Llama-3.1-8B-Instruct-AWQ-INT4,0.0,0.0,0.0,0.0,0.0,0.0,0.0,0.0,0.0,0.0,0.0,0.0,0.0,0.0,0.0,0.0,0.0,0.0,0.0,0.0,0.0,0.0,0.0,3259.0,7935.0,14705.0,22492.0,30823.0,43233.0,58885.0,83208.0,112622.0,147124.0,189813.0,239336.0,305527.0,384640.0,472484.0,562499.0,654185.0,747079.0,841270.0,943913.0,1056708.0,1184262.0,1327422.0,1479865.0,1640222.0,1808776.0,1978642.0,2149950.0,2327863.0,2512559.0,2704250.0,2900796.0,3100532.0,3308592.0,3527944.0,3747296.0,3981034.0,4217730.0,4453679.0,4692395.0,4930574.0,5170652.0,5410730.0,5640380.0,5868329.0,6100662.0,6336370.0,6576311.0,6822198.0,7076179.0,7337895.0,7607059.0,7877768.0,8154117.0,8451514.0,8763144.0,9087160.0,9411176.0,9740040.0,10071020.0,10393470.0,10713759.0,11053687.0,11393615.0,11755151.0,12116687.0,12489503.0,12868581.0,13264097.0,13678757.0,14104510.0,14535012.0,14972879.0,15414412.0,15856547.0,16304182.0,16760226.0,17223820.0,17693794.0,18165897.0,18632511.0,19092557.0,19545474.0,19997269.0,20438800.0,20868150.0,21291405.0,21718420.0,22145435.0,22592821.0,23051065.0,23516325.0,23977630.0,24424859.0,24866587.0,25305347.0,25736059.0,26166248.0,26585774.0,26991972.0,27387546.0,27780870.0,28174194.0,28564683.0,28955991.0,29348946.0,29741970.0,30134944.0,30528490.0,30923359.0,31320497.0,31719702.0,32119841.0,32522878.0,32925132.0,33329192.0,33734570.0,34140732.0,34548465.0,34955496.0,35361959.0,35768826.0,36173513.0,36574882.0,36973490.0,37368938.0,37759634.0,38145215.0,38529786.0,38912191.0,39293229.0,39673720.0,40054299.0,40436178.0,40830388.0,41227682.0,41619754.0,42011826.0,42395680.0,42775389.0,43160571.0,43550113.0,43946720.0,44346035.0,44749440.0,45158979.0,45570753.0,45985288.0,46394132.0,46800957.0,47208551.0,47616145.0,48029141.0,48451246.0,48873351.0,49306033.0,49750818.0,50206501.0,50670839.0,51143243.0,51625649.0,52108736.0,52602829.0,53105561.0,53600087.0,54091432.0,54582777.0,55064893.0,55540238.0,56016448.0,56523864.0,57022050.0,57510961.0,57993521.0,58468982.0,58935143.0,59393322.0,59846067.0,60296055.0,60744797.0,61192070.0,61630185.0,62064696.0,62488160.0,62905251.0,63355455.0,63829182.0,64328253.0,64852013.0,65395229.0,65953143.0,66533227.0,67136776.0,67763066.0,68387191.0,69000300.0,69602761.0,70194890.0,70783471.0,71370247.0,71952799.0,72533625.0,73113936.0,73692794.0,74269510.0,74844802.0,75416493.0,75986226.0,76556195.0,2024-07-19 09:19:01+00:00
Epiculous/Violet_Twilight-v0.2,0.0,0.0,0.0,0.0,0.0,0.0,0.0,0.0,0.0,0.0,0.0,0.0,0.0,0.0,0.0,0.0,0.0,0.0,0.0,0.0,0.0,0.0,0.0,0.0,0.0,0.0,0.0,0.0,0.0,0.0,0.0,0.0,0.0,0.0,0.0,0.0,0.0,0.0,0.0,0.0,0.0,0.0,0.0,0.0,0.0,0.0,0.0,0.0,0.0,0.0,0.0,0.0,0.0,0.0,0.0,0.0,0.0,0.0,0.0,0.0,0.0,0.0,0.0,0.0,0.0,0.0,0.0,0.0,0.0,0.0,0.0,0.0,0.0,0.0,0.0,0.0,0.0,31.0,100.0,174.0,248.0,328.0,411.0,519.0,627.0,746.0,865.0,984.0,1106.0,1230.0,1356.0,1483.0,1614.0,1750.0,1891.0,2034.0,2179.0,2332.0,2486.0,2641.0,2797.0,2955.0,3115.0,3270.0,3433.0,3602.0,3772.0,3925.0,4042.0,4151.0,4262.0,4373.0,4469.0,4567.0,4659.0,4752.0,4850.0,4948.0,5055.0,5170.0,5287.0,5428.0,5581.0,5741.0,5911.0,6081.0,6247.0,6409.0,6578.0,6786.0,7083.0,7388.0,7697.0,8034.0,8385.0,8776.0,9180.0,9592.0,10020.0,10449.0,10880.0,11322.0,11753.0,12219.0,12688.0,13176.0,13666.0,14161.0,14651.0,15159.0,15671.0,16174.0,16647.0,17113.0,17592.0,18072.0,18552.0,19706.0,20868.0,21991.0,23114.0,24158.0,25201.0,26215.0,27215.0,28189.0,29148.0,30104.0,31124.0,32206.0,33330.0,34440.0,35546.0,36619.0,37692.0,38745.0,39873.0,41001.0,42171.0,43330.0,44529.0,45768.0,47055.0,48352.0,49646.0,52539.0,55528.0,57905.0,60355.0,62805.0,65249.0,67684.0,70119.0,72681.0,75251.0,77828.0,80423.0,83034.0,85590.0,89228.0,92894.0,96572.0,100252.0,113593.0,148565.0,203996.0,288324.0,394891.0,528861.0,690355.0,875734.0,1087275.0,1324371.0,1582463.0,1863766.0,2169975.0,2503200.0,2861883.0,3248300.0,3659693.0,4094465.0,4553447.0,5033704.0,5533181.0,6051940.0,6585903.0,7141878.0,7703232.0,8264543.0,8824721.0,9384876.0,9945012.0,2024-09-12 15:58:26+00:00
unsloth/Qwen2.5-7B-Instruct-bnb-4bit,0.0,0.0,0.0,0.0,0.0,0.0,0.0,0.0,0.0,0.0,0.0,0.0,0.0,0.0,0.0,0.0,0.0,0.0,0.0,0.0,0.0,0.0,0.0,0.0,0.0,0.0,0.0,0.0,0.0,0.0,0.0,0.0,0.0,0.0,0.0,0.0,0.0,0.0,0.0,0.0,0.0,0.0,0.0,0.0,0.0,0.0,0.0,0.0,0.0,0.0,0.0,0.0,0.0,0.0,0.0,0.0,0.0,0.0,0.0,0.0,0.0,0.0,0.0,0.0,0.0,0.0,0.0,0.0,0.0,0.0,0.0,0.0,0.0,0.0,0.0,0.0,0.0,0.0,0.0,13.0,26.0,112.0,302.0,532.0,851.0,1781.0,2711.0,3641.0,6239.0,10374.0,15683.0,21367.0,27583.0,35873.0,44860.0,56863.0,69529.0,84609.0,100142.0,116127.0,132469.0,149769.0,168150.0,186776.0,205805.0,225608.0,246474.0,267936.0,290114.0,313016.0,336436.0,359856.0,388728.0,419670.0,451657.0,484812.0,518936.0,555122.0,595850.0,636676.0,677579.0,719249.0,764038.0,811379.0,858987.0,906595.0,955472.0,1004514.0,1054153.0,1105026.0,1157134.0,1211354.0,1265516.0,1322425.0,1379548.0,1438595.0,1498184.0,1557806.0,1618241.0,1679768.0,1743564.0,1809203.0,1872427.0,1936159.0,2003745.0,2070828.0,2138903.0,2205351.0,2269319.0,2331732.0,2395120.0,2460129.0,2523232.0,2588242.0,2656619.0,2729065.0,2801540.0,2873289.0,2946049.0,3017424.0,3088799.0,3161031.0,3246765.0,3348152.0,3463131.0,3586580.0,3715360.0,3865463.0,4030247.0,4195894.0,4362226.0,4527194.0,4693357.0,4860450.0,5027543.0,5194903.0,5362386.0,5529869.0,5699933.0,5872433.0,6045228.0,6219613.0,6395496.0,6570531.0,6739627.0,6907177.0,7097971.0,7290055.0,7502094.0,7714133.0,7925198.0,8134392.0,8336071.0,8528221.0,8708356.0,8875395.0,9036068.0,9180247.0,9305492.0,9427566.0,9549565.0,9669651.0,9787731.0,9905292.0,10027763.0,10156956.0,10291994.0,10435997.0,10593765.0,10762555.0,10942515.0,11133707.0,11334205.0,11542351.0,11760229.0,11990315.0,12226646.0,12469669.0,12722852.0,12989637.0,13269390.0,13560449.0,13872524.0,14200277.0,14543008.0,14903614.0,15290939.0,15761914.0,16265640.0,16784212.0,17311259.0,17868651.0,2024-09-18 21:40:32+00:00
datalab-to/ocr_error_detection,0.0,0.0,0.0,0.0,0.0,0.0,0.0,0.0,0.0,0.0,0.0,0.0,0.0,0.0,0.0,0.0,0.0,0.0,0.0,0.0,0.0,0.0,0.0,0.0,0.0,0.0,0.0,0.0,0.0,0.0,0.0,0.0,0.0,0.0,0.0,0.0,0.0,0.0,0.0,0.0,0.0,0.0,0.0,0.0,0.0,0.0,0.0,0.0,0.0,0.0,0.0,0.0,0.0,0.0,0.0,0.0,0.0,0.0,0.0,0.0,0.0,0.0,0.0,0.0,0.0,0.0,0.0,0.0,0.0,0.0,0.0,0.0,0.0,0.0,0.0,0.0,0.0,0.0,0.0,0.0,0.0,0.0,0.0,0.0,0.0,0.0,0.0,0.0,0.0,0.0,0.0,0.0,0.0,0.0,0.0,0.0,0.0,0.0,0.0,0.0,0.0,0.0,0.0,0.0,0.0,0.0,0.0,0.0,0.0,0.0,0.0,0.0,0.0,0.0,0.0,0.0,0.0,0.0,0.0,0.0,0.0,0.0,0.0,0.0,0.0,0.0,0.0,0.0,0.0,0.0,0.0,0.0,0.0,0.0,0.0,0.0,0.0,0.0,0.0,0.0,0.0,0.0,0.0,0.0,0.0,0.0,0.0,0.0,0.0,0.0,0.0,0.0,0.0,0.0,0.0,0.0,0.0,0.0,0.0,0.0,0.0,0.0,0.0,0.0,0.0,0.0,0.0,0.0,0.0,0.0,0.0,37.0,154.0,293.0,432.0,717.0,1069.0,1421.0,1817.0,2343.0,2916.0,3528.0,4337.0,5190.0,6121.0,7499.0,10014.0,14106.0,22486.0,30866.0,40344.0,50407.0,65536.0,94393.0,126682.0,160973.0,202450.0,253541.0,315478.0,395384.0,506361.0,634461.0,788854.0,1034096.0,1321418.0,1619445.0,1927053.0,2244561.0,2597788.0,3102416.0,3656981.0,4219006.0,4787632.0,5362313.0,5942007.0,6527361.0,7113686.0,7702708.0,8291358.0,8878632.0,9474008.0,10074316.0,10684507.0,11298681.0,11917578.0,12541972.0,13169977.0,13791300.0,14404053.0,15001792.0,15571518.0,16123882.0,2024-12-18 17:31:52+00:00
unsloth/DeepSeek-R1-Distill-Qwen-32B-GGUF,0.0,0.0,0.0,0.0,0.0,0.0,0.0,0.0,0.0,0.0,0.0,0.0,0.0,0.0,0.0,0.0,0.0,0.0,0.0,0.0,0.0,0.0,0.0,0.0,0.0,0.0,0.0,0.0,0.0,0.0,0.0,0.0,0.0,0.0,0.0,0.0,0.0,0.0,0.0,0.0,0.0,0.0,0.0,0.0,0.0,0.0,0.0,0.0,0.0,0.0,0.0,0.0,0.0,0.0,0.0,0.0,0.0,0.0,0.0,0.0,0.0,0.0,0.0,0.0,0.0,0.0,0.0,0.0,0.0,0.0,0.0,0.0,0.0,0.0,0.0,0.0,0.0,0.0,0.0,0.0,0.0,0.0,0.0,0.0,0.0,0.0,0.0,0.0,0.0,0.0,0.0,0.0,0.0,0.0,0.0,0.0,0.0,0.0,0.0,0.0,0.0,0.0,0.0,0.0,0.0,0.0,0.0,0.0,0.0,0.0,0.0,0.0,0.0,0.0,0.0,0.0,0.0,0.0,0.0,0.0,0.0,0.0,0.0,0.0,0.0,0.0,0.0,0.0,0.0,0.0,0.0,0.0,0.0,0.0,0.0,0.0,0.0,0.0,0.0,0.0,0.0,0.0,0.0,0.0,0.0,0.0,0.0,0.0,0.0,0.0,0.0,0.0,0.0,0.0,0.0,0.0,0.0,0.0,0.0,0.0,0.0,0.0,0.0,0.0,0.0,0.0,0.0,0.0,0.0,0.0,0.0,0.0,0.0,0.0,0.0,0.0,0.0,0.0,0.0,0.0,0.0,0.0,0.0,0.0,0.0,0.0,0.0,0.0,0.0,0.0,0.0,0.0,0.0,0.0,0.0,0.0,0.0,0.0,0.0,0.0,0.0,0.0,0.0,7567.0,26447.0,48273.0,73140.0,105776.0,141687.0,181214.0,242080.0,315367.0,402540.0,500052.0,608712.0,761383.0,922047.0,1090145.0,1268192.0,1509721.0,1771007.0,2046044.0,2334472.0,2660484.0,3148251.0,3643216.0,4144199.0,4652583.0,5168596.0,5691300.0,6223690.0,6766253.0,2025-01-20 15:43:10+00:00
unsloth/DeepSeek-R1-Distill-Llama-8B-GGUF,0.0,0.0,0.0,0.0,0.0,0.0,0.0,0.0,0.0,0.0,0.0,0.0,0.0,0.0,0.0,0.0,0.0,0.0,0.0,0.0,0.0,0.0,0.0,0.0,0.0,0.0,0.0,0.0,0.0,0.0,0.0,0.0,0.0,0.0,0.0,0.0,0.0,0.0,0.0,0.0,0.0,0.0,0.0,0.0,0.0,0.0,0.0,0.0,0.0,0.0,0.0,0.0,0.0,0.0,0.0,0.0,0.0,0.0,0.0,0.0,0.0,0.0,0.0,0.0,0.0,0.0,0.0,0.0,0.0,0.0,0.0,0.0,0.0,0.0,0.0,0.0,0.0,0.0,0.0,0.0,0.0,0.0,0.0,0.0,0.0,0.0,0.0,0.0,0.0,0.0,0.0,0.0,0.0,0.0,0.0,0.0,0.0,0.0,0.0,0.0,0.0,0.0,0.0,0.0,0.0,0.0,0.0,0.0,0.0,0.0,0.0,0.0,0.0,0.0,0.0,0.0,0.0,0.0,0.0,0.0,0.0,0.0,0.0,0.0,0.0,0.0,0.0,0.0,0.0,0.0,0.0,0.0,0.0,0.0,0.0,0.0,0.0,0.0,0.0,0.0,0.0,0.0,0.0,0.0,0.0,0.0,0.0,0.0,0.0,0.0,0.0,0.0,0.0,0.0,0.0,0.0,0.0,0.0,0.0,0.0,0.0,0.0,0.0,0.0,0.0,0.0,0.0,0.0,0.0,0.0,0.0,0.0,0.0,0.0,0.0,0.0,0.0,0.0,0.0,0.0,0.0,0.0,0.0,0.0,0.0,0.0,0.0,0.0,0.0,0.0,0.0,0.0,0.0,0.0,0.0,0.0,0.0,0.0,0.0,0.0,0.0,0.0,0.0,15496.0,43334.0,80750.0,128750.0,183821.0,245430.0,315334.0,412058.0,542799.0,715017.0,907285.0,1118118.0,1356463.0,1623455.0,1909536.0,2213851.0,2580476.0,2979843.0,3402304.0,3843215.0,4294914.0,4774811.0,5264041.0,5761482.0,6267747.0,6782683.0,7303287.0,7833074.0,8368026.0,2025-01-20 13:04:25+00:00
Isotr0py/test-gguf-sample,0.0,0.0,0.0,0.0,0.0,0.0,0.0,0.0,0.0,0.0,0.0,0.0,0.0,0.0,0.0,0.0,0.0,0.0,0.0,0.0,0.0,0.0,0.0,0.0,0.0,0.0,0.0,0.0,0.0,0.0,0.0,0.0,0.0,0.0,0.0,0.0,0.0,0.0,0.0,0.0,0.0,0.0,0.0,0.0,0.0,0.0,0.0,0.0,0.0,0.0,0.0,0.0,0.0,0.0,0.0,0.0,0.0,0.0,0.0,0.0,0.0,0.0,0.0,0.0,0.0,0.0,0.0,0.0,0.0,0.0,0.0,0.0,0.0,0.0,218.0,1417.0,3199.0,8461.0,15732.0,24839.0,33946.0,43840.0,54223.0,64625.0,75403.0,91123.0,106843.0,122563.0,144525.0,168829.0,193658.0,220240.0,248237.0,281209.0,332222.0,411527.0,495164.0,580133.0,687036.0,833875.0,1019841.0,1019841.0,1262372.0,1512566.0,1769428.0,2057277.0,2390114.0,2743538.0,3119789.0,3511371.0,3904644.0,4297917.0,4722324.0,5178525.0,5660302.0,6168403.0,6701139.0,7235680.0,7773928.0,8338468.0,8929518.0,9544583.0,10198791.0,10872123.0,11532144.0,12192165.0,12860168.0,13564434.0,14271278.0,14969390.0,15657786.0,16323667.0,16968997.0,17624791.0,18317227.0,19009027.0,19682230.0,20366467.0,21034302.0,21690654.0,22382694.0,23115527.0,23863351.0,24620270.0,25368936.0,26100749.0,26812776.0,27543825.0,28300105.0,29056194.0,29799166.0,30540038.0,31237344.0,31924368.0,32631280.0,33364242.0,34090950.0,34817392.0,35542152.0,36245640.0,36949128.0,37637416.0,38339250.0,39052151.0,39750356.0,40434614.0,41096431.0,41738804.0,42391719.0,43051141.0,43688081.0,44292546.0,44878869.0,45425615.0,45972361.0,46484663.0,46992997.0,47501331.0,47964262.0,48398227.0,48819200.0,49225645.0,49623511.0,50013865.0,50389753.0,50739116.0,51067356.0,51375002.0,51654997.0,51934992.0,52206719.0,52462927.0,52720034.0,53010394.0,53282183.0,53535484.0,53790411.0,54052481.0,54310686.0,54563959.0,54826085.0,55086518.0,55330990.0,55577756.0,55845181.0,56137689.0,56449764.0,56784316.0,57124939.0,57471201.0,57834418.0,58220670.0,58648072.0,59099070.0,59572832.0,60050307.0,60531299.0,61037780.0,61573650.0,62113730.0,62660058.0,63211457.0,63750767.0,64271826.0,64803194.0,65343499.0,65895415.0,66449361.0,67000519.0,67537682.0,68061021.0,68587540.0,2024-09-14 06:40:54+00:00
neuralmagic/Meta-Llama-3.1-8B-Instruct-quantized.w4a16,0.0,0.0,0.0,0.0,0.0,0.0,0.0,0.0,0.0,0.0,0.0,0.0,0.0,0.0,0.0,0.0,0.0,0.0,0.0,0.0,0.0,0.0,0.0,0.0,0.0,6.0,26.0,48.0,70.0,137.0,237.0,352.0,497.0,676.0,890.0,1122.0,1361.0,1628.0,1907.0,2211.0,2515.0,2819.0,3124.0,3476.0,4374.0,6636.0,9778.0,12960.0,16401.0,20294.0,24317.0,28681.0,33497.0,38690.0,43965.0,49389.0,55042.0,60888.0,66734.0,72952.0,79191.0,85482.0,91769.0,98086.0,104501.0,110916.0,117597.0,124449.0,131999.0,140822.0,150615.0,161058.0,171974.0,183223.0,194642.0,204879.0,214034.0,223504.0,233291.0,242798.0,252305.0,261483.0,270661.0,279376.0,287913.0,296543.0,305173.0,314969.0,324765.0,334731.0,345037.0,356499.0,369438.0,382586.0,396144.0,409912.0,424243.0,438542.0,453304.0,472192.0,498386.0,527117.0,555816.0,584310.0,612574.0,641108.0,669726.0,698290.0,726752.0,755175.0,783827.0,812479.0,841561.0,871144.0,901217.0,931396.0,960775.0,990049.0,1019304.0,1048381.0,1077586.0,1106891.0,1134268.0,1161504.0,1188310.0,1215116.0,1241550.0,1268098.0,1294224.0,1316821.0,1331122.0,1340256.0,1349052.0,1357819.0,1366909.0,1376087.0,1385143.0,1394412.0,1403824.0,1413312.0,1423056.0,1433632.0,1444374.0,1455246.0,1465778.0,1476047.0,1486147.0,1496176.0,1506379.0,1517329.0,1528474.0,1539092.0,1549564.0,1560214.0,1571321.0,1582851.0,1594284.0,1605754.0,1627953.0,1676701.0,1725449.0,1815122.0,1905207.0,1996363.0,2091280.0,2186495.0,2286134.0,2385318.0,2485523.0,2587813.0,2690118.0,2791854.0,2893013.0,2993832.0,3094651.0,3195252.0,3295878.0,3396504.0,3497068.0,3597268.0,3696306.0,3795260.0,3894165.0,3992890.0,4091522.0,4189752.0,4287713.0,4385410.0,4478573.0,4571736.0,4612454.0,4631537.0,4650399.0,4669163.0,4684105.0,4698486.0,4708498.0,4718432.0,4727747.0,4736497.0,4743268.0,4749845.0,4756298.0,4766343.0,4776209.0,4786130.0,4796195.0,4806740.0,4826786.0,4858616.0,4893480.0,4957885.0,5038320.0,5127388.0,5223136.0,5335449.0,5459398.0,5584012.0,5716765.0,5860393.0,6165391.0,6549449.0,6971276.0,7427971.0,7915907.0,8424052.0,8939944.0,9457237.0,9975973.0,10496142.0,11017431.0,11542692.0,2024-07-26 18:58:13+00:00
mlx-community/Llama-3.2-3B-Instruct-4bit,0.0,0.0,0.0,0.0,0.0,0.0,0.0,0.0,0.0,0.0,0.0,0.0,0.0,0.0,0.0,0.0,0.0,0.0,0.0,0.0,0.0,0.0,0.0,0.0,0.0,0.0,0.0,0.0,0.0,0.0,0.0,0.0,0.0,0.0,0.0,0.0,0.0,0.0,0.0,0.0,0.0,0.0,0.0,0.0,0.0,0.0,0.0,0.0,0.0,0.0,0.0,0.0,0.0,0.0,0.0,0.0,0.0,0.0,0.0,0.0,0.0,0.0,0.0,0.0,0.0,0.0,0.0,0.0,0.0,0.0,0.0,0.0,0.0,0.0,0.0,0.0,0.0,0.0,0.0,0.0,0.0,0.0,0.0,0.0,0.0,0.0,0.0,0.0,100.0,270.0,474.0,742.0,1068.0,1488.0,1958.0,2456.0,3010.0,3613.0,4282.0,5497.0,7872.0,11321.0,15431.0,20020.0,25118.0,30816.0,37078.0,43962.0,51474.0,59666.0,68253.0,76840.0,86433.0,96659.0,107409.0,118721.0,130690.0,143007.0,155729.0,168929.0,182928.0,198151.0,214337.0,231121.0,248439.0,265757.0,284443.0,303750.0,323631.0,343735.0,363381.0,382518.0,401563.0,420863.0,440452.0,460268.0,480243.0,500256.0,520081.0,539721.0,560178.0,581641.0,603047.0,625830.0,649014.0,672422.0,695673.0,720450.0,747695.0,775259.0,802711.0,833957.0,869228.0,910141.0,951164.0,992497.0,1033622.0,1076140.0,1127603.0,1196881.0,1266159.0,1396434.0,1546380.0,1708532.0,1880270.0,2054066.0,2232664.0,2414998.0,2599888.0,2790399.0,2999973.0,3219330.0,3441054.0,3664653.0,3888252.0,4136587.0,4407718.0,4678849.0,4986564.0,5327199.0,5703795.0,6115300.0,6568230.0,7053975.0,7557289.0,8088150.0,8647805.0,9230055.0,9822474.0,10414893.0,10974943.0,11516846.0,12083933.0,12770569.0,13496500.0,14285274.0,15132482.0,16018235.0,16930371.0,17861155.0,18801204.0,19750560.0,20721367.0,21721967.0,22740495.0,23761442.0,24787146.0,25821595.0,26872629.0,27920375.0,28959857.0,29978854.0,30966169.0,31916183.0,32850123.0,33761952.0,34659848.0,35561861.0,36460986.0,37349848.0,38218680.0,39061704.0,39864074.0,40632020.0,41366325.0,42044763.0,42670879.0,43257068.0,43825142.0,44379389.0,44911993.0,45424957.0,2024-09-25 18:35:04+00:00
mlx-community/Meta-Llama-3.1-70B-Instruct-4bit,0.0,0.0,0.0,0.0,0.0,0.0,0.0,0.0,0.0,0.0,0.0,0.0,0.0,0.0,0.0,0.0,0.0,0.0,0.0,0.0,0.0,0.0,0.0,118.0,318.0,583.0,890.0,1224.0,1604.0,2065.0,2590.0,3224.0,3907.0,4609.0,5342.0,6125.0,6970.0,7885.0,8897.0,9959.0,11090.0,12260.0,13491.0,14793.0,16113.0,17453.0,18816.0,20207.0,21614.0,23046.0,24509.0,26010.0,27551.0,29073.0,30553.0,31970.0,33412.0,34833.0,36239.0,37577.0,38882.0,40090.0,41264.0,42431.0,43585.0,44752.0,45928.0,47033.0,48064.0,49039.0,49945.0,50821.0,51675.0,52455.0,53215.0,53960.0,54691.0,55403.0,56113.0,56827.0,57541.0,58197.0,58853.0,59469.0,59989.0,60539.0,61089.0,61615.0,62141.0,62648.0,63142.0,63635.0,64159.0,64750.0,65355.0,65899.0,66406.0,66891.0,67397.0,67907.0,68437.0,68437.0,68967.0,69506.0,70044.0,70608.0,71185.0,71772.0,72342.0,72905.0,73474.0,74043.0,74623.0,75227.0,75881.0,76522.0,77170.0,77805.0,78435.0,79065.0,79702.0,80342.0,80957.0,81500.0,82027.0,82554.0,83107.0,83680.0,84264.0,84852.0,85435.0,86039.0,86690.0,87369.0,88067.0,88785.0,89536.0,90297.0,91062.0,91833.0,92646.0,93486.0,94329.0,95169.0,95962.0,96758.0,97569.0,98613.0,100043.0,101488.0,102961.0,104570.0,106192.0,107837.0,109496.0,111181.0,112874.0,114594.0,122330.0,133600.0,144870.0,165234.0,196644.0,238425.0,287944.0,346143.0,409820.0,474187.0,539302.0,605703.0,672089.0,738429.0,804876.0,871957.0,939038.0,1007627.0,1076234.0,1144841.0,1214289.0,1287705.0,1365381.0,1444234.0,1523366.0,1603573.0,1683871.0,1764824.0,1845970.0,1933144.0,2026482.0,2119820.0,2212925.0,2300983.0,2387915.0,2506644.0,2616963.0,2726349.0,2838274.0,2953582.0,3077174.0,3210235.0,3352873.0,3498611.0,3655658.0,3829511.0,4014810.0,4225175.0,4450095.0,4687782.0,4925957.0,5166573.0,5421352.0,5696500.0,5991674.0,6303120.0,6629871.0,6973037.0,7337533.0,7724913.0,8126871.0,8533344.0,8944536.0,9372404.0,9818083.0,10300556.0,10810948.0,11327768.0,11848502.0,12372982.0,12895552.0,13415233.0,13927594.0,14435381.0,2024-07-23 14:40:04+00:00
mlx-community/Meta-Llama-3.1-8B-Instruct-4bit,0.0,0.0,0.0,0.0,0.0,0.0,0.0,0.0,0.0,0.0,0.0,0.0,0.0,0.0,0.0,0.0,0.0,0.0,0.0,0.0,0.0,0.0,0.0,352.0,1036.0,1881.0,2868.0,3957.0,5237.0,6783.0,8784.0,11104.0,13910.0,16881.0,19997.0,23464.0,27124.0,31082.0,35479.0,40332.0,45492.0,50846.0,56372.0,62107.0,67942.0,73932.0,80030.0,86282.0,92807.0,99616.0,107161.0,115274.0,123973.0,132764.0,141682.0,150541.0,159642.0,168870.0,178118.0,187343.0,196397.0,205080.0,213367.0,221474.0,229548.0,237509.0,245451.0,253199.0,260579.0,267674.0,274398.0,281069.0,287619.0,294111.0,300579.0,306965.0,313241.0,319577.0,325860.0,332077.0,338294.0,343255.0,348216.0,352526.0,356197.0,359878.0,363559.0,367030.0,370501.0,373725.0,376889.0,380136.0,383477.0,387004.0,390563.0,394041.0,397357.0,400588.0,403962.0,407643.0,411514.0,411514.0,415737.0,419930.0,424127.0,428452.0,432922.0,437348.0,441766.0,446318.0,450925.0,455532.0,460411.0,465510.0,470675.0,475808.0,481005.0,486168.0,491260.0,496404.0,501905.0,507863.0,514035.0,520152.0,526304.0,532456.0,538937.0,545580.0,552259.0,558827.0,565344.0,571758.0,578185.0,584679.0,591378.0,598329.0,605325.0,612333.0,619340.0,626147.0,633596.0,641949.0,650230.0,659807.0,669546.0,679432.0,689285.0,700245.0,713943.0,728148.0,742207.0,756084.0,769735.0,783301.0,796987.0,810621.0,824235.0,840408.0,859373.0,884664.0,909955.0,951446.0,1008952.0,1075736.0,1155105.0,1244856.0,1343549.0,1449362.0,1558341.0,1673112.0,1799329.0,1932767.0,2069015.0,2206307.0,2343599.0,2504747.0,2686594.0,2868441.0,3085605.0,3325680.0,3586358.0,3871004.0,4173777.0,4493353.0,4826768.0,5173066.0,5530674.0,5908691.0,6311016.0,6713341.0,7106087.0,7507327.0,7947457.0,8479974.0,9029120.0,9597804.0,10220408.0,10901426.0,11617674.0,12355307.0,13108797.0,13889443.0,14681510.0,15497808.0,16347719.0,17224230.0,18120046.0,19028257.0,19937566.0,20851140.0,21778654.0,22713235.0,23644469.0,24562376.0,25467305.0,26358366.0,27245809.0,28124227.0,28981993.0,29825225.0,30656684.0,31463650.0,32230869.0,32979728.0,33726934.0,34453533.0,35134689.0,35753888.0,36341890.0,36906793.0,37451830.0,37958953.0,2024-07-23 14:39:32+00:00
crynux-ai/stable-diffusion-v1-5,0.0,0.0,0.0,0.0,0.0,0.0,0.0,0.0,0.0,0.0,0.0,0.0,0.0,0.0,0.0,0.0,0.0,0.0,0.0,0.0,0.0,0.0,0.0,0.0,0.0,0.0,0.0,0.0,0.0,0.0,0.0,0.0,0.0,0.0,0.0,0.0,0.0,0.0,0.0,0.0,0.0,0.0,0.0,0.0,0.0,0.0,0.0,0.0,0.0,0.0,0.0,0.0,0.0,0.0,0.0,0.0,0.0,0.0,0.0,0.0,0.0,0.0,0.0,0.0,0.0,0.0,9101.0,30673.0,61975.0,103566.0,154970.0,215777.0,290941.0,382623.0,487508.0,601031.0,723357.0,856529.0,999092.0,1148384.0,1297676.0,1449006.0,1605373.0,1763411.0,1924879.0,2102899.0,2280919.0,2458939.0,2668799.0,2891849.0,3124248.0,3368711.0,3628390.0,3905089.0,4186119.0,4472549.0,4760451.0,5044897.0,5325868.0,5608093.0,5885394.0,5885394.0,6148647.0,6404008.0,6652273.0,6896058.0,7136562.0,7373967.0,7612250.0,7852218.0,8096991.0,8341764.0,8594053.0,8851302.0,9111036.0,9371743.0,9629963.0,9875350.0,10120698.0,10365630.0,10609294.0,10848242.0,11080504.0,11300594.0,11522176.0,11743758.0,11968305.0,12188568.0,12407552.0,12621546.0,12836582.0,13055674.0,13278786.0,13502943.0,13724578.0,13948035.0,14175070.0,14404520.0,14630813.0,14855990.0,15081734.0,15308905.0,15534175.0,15761709.0,15990016.0,16216531.0,16446456.0,16676889.0,16907723.0,17138337.0,17369733.0,17601806.0,17834620.0,18068598.0,18308096.0,18560206.0,18817486.0,19082753.0,19360738.0,19656306.0,19951874.0,20273122.0,20603024.0,20941527.0,21292062.0,21642737.0,21990277.0,22344356.0,22700999.0,23060093.0,23420267.0,23778120.0,24140440.0,24504686.0,24868932.0,25241599.0,25616158.0,25990717.0,26385321.0,26787296.0,27197995.0,27617656.0,28045574.0,28482895.0,28915578.0,29345493.0,29777831.0,30213793.0,30644603.0,31075413.0,31467413.0,31846243.0,32226248.0,32637165.0,33048967.0,33462998.0,33889529.0,34314718.0,34741889.0,35170737.0,35603570.0,36040051.0,36478702.0,36921622.0,37362533.0,37804252.0,38245160.0,38676449.0,39108274.0,39538334.0,39966821.0,40391871.0,40811874.0,41223212.0,41640558.0,42087520.0,42558925.0,43054818.0,43578341.0,44129105.0,44697038.0,45257844.0,45808073.0,46357808.0,46900422.0,47435149.0,47961640.0,48481457.0,48995459.0,49501970.0,50003372.0,50503298.0,2024-09-05 01:57:02+00:00
mlx-community/Llama-3.2-1B-Instruct-8bit,0.0,0.0,0.0,0.0,0.0,0.0,0.0,0.0,0.0,0.0,0.0,0.0,0.0,0.0,0.0,0.0,0.0,0.0,0.0,0.0,0.0,0.0,0.0,0.0,0.0,0.0,0.0,0.0,0.0,0.0,0.0,0.0,0.0,0.0,0.0,0.0,0.0,0.0,0.0,0.0,0.0,0.0,0.0,0.0,0.0,0.0,0.0,0.0,0.0,0.0,0.0,0.0,0.0,0.0,0.0,0.0,0.0,0.0,0.0,0.0,0.0,0.0,0.0,0.0,0.0,0.0,0.0,0.0,0.0,0.0,0.0,0.0,0.0,0.0,0.0,0.0,0.0,0.0,0.0,0.0,0.0,0.0,0.0,0.0,0.0,0.0,0.0,0.0,24.0,56.0,93.0,139.0,194.0,250.0,309.0,378.0,450.0,524.0,604.0,689.0,786.0,888.0,994.0,1106.0,1225.0,1347.0,1470.0,1596.0,1722.0,1848.0,1977.0,2106.0,2249.0,2393.0,2538.0,2690.0,3023.0,3521.0,4020.0,4513.0,5010.0,5497.0,5980.0,6471.0,6961.0,7451.0,7929.0,8407.0,8884.0,9359.0,9847.0,10329.0,10809.0,11287.0,11777.0,12281.0,12795.0,13326.0,13863.0,14406.0,14948.0,15498.0,16051.0,16606.0,17171.0,17733.0,18163.0,18402.0,18602.0,18801.0,18996.0,19190.0,19384.0,19576.0,19767.0,19962.0,20158.0,20364.0,20580.0,20798.0,21016.0,21223.0,21431.0,21645.0,21925.0,22199.0,24992.0,29564.0,34168.0,39879.0,54170.0,78153.0,106507.0,142940.0,179373.0,235947.0,305051.0,374155.0,468977.0,576389.0,701067.0,844288.0,1017327.0,1222875.0,1442573.0,1678839.0,1935131.0,2216143.0,2515067.0,2813991.0,3120996.0,3442423.0,3813637.0,4299670.0,4837291.0,5422242.0,6083806.0,6822396.0,7636643.0,8519416.0,9466170.0,10453820.0,11476120.0,12550344.0,13674756.0,14833909.0,16013804.0,17216269.0,18443359.0,19697121.0,20967993.0,22239307.0,23489435.0,24708446.0,25914097.0,27104923.0,28282142.0,29438361.0,30575677.0,31696514.0,32785899.0,33847565.0,34865082.0,35851845.0,36794826.0,37696835.0,38530072.0,39285506.0,39974807.0,40595036.0,41147097.0,41646706.0,2024-09-26 00:01:34+00:00
MaziyarPanahi/Llama-3-Groq-8B-Tool-Use-GGUF,0.0,0.0,0.0,0.0,0.0,0.0,0.0,0.0,0.0,0.0,0.0,0.0,0.0,0.0,0.0,0.0,318.0,693.0,1108.0,1541.0,1984.0,2444.0,2904.0,3407.0,3915.0,4425.0,4935.0,5516.0,6111.0,6711.0,7312.0,7923.0,8534.0,9145.0,9756.0,10367.0,10981.0,11606.0,12232.0,12859.0,13486.0,14115.0,14745.0,15377.0,16011.0,16646.0,17021.0,17297.0,17524.0,17730.0,17926.0,18116.0,18261.0,18435.0,18605.0,18773.0,18941.0,19054.0,19168.0,19266.0,19364.0,19451.0,19538.0,19627.0,19717.0,19822.0,19929.0,20040.0,20150.0,20261.0,20372.0,20483.0,20619.0,20753.0,20891.0,21031.0,21173.0,21313.0,21454.0,21595.0,21736.0,21880.0,22024.0,22168.0,22278.0,22390.0,22502.0,22612.0,22722.0,22832.0,22946.0,23081.0,23260.0,23492.0,23751.0,24159.0,24596.0,25105.0,25646.0,26211.0,26788.0,26788.0,27358.0,27933.0,28603.0,29271.0,29943.0,30633.0,31326.0,32026.0,32729.0,33432.0,34139.0,34845.0,35555.0,36268.0,48845.0,86850.0,151077.0,246095.0,385077.0,538892.0,713481.0,910473.0,1143963.0,1377453.0,1829358.0,2384231.0,3079516.0,3924258.0,4877383.0,5914527.0,7092021.0,8337652.0,9653046.0,11079589.0,12601114.0,14198756.0,15885192.0,17676626.0,19494437.0,21329318.0,23164211.0,24999114.0,26834083.0,28669179.0,30495867.0,32354903.0,34188146.0,36024220.0,37822428.0,39600149.0,41357080.0,43093781.0,44832439.0,46596731.0,48301996.0,49945320.0,51587852.0,53222898.0,54857944.0,56337567.0,57748579.0,59157473.0,60650948.0,62157128.0,63754082.0,65480414.0,67266456.0,69149798.0,71089912.0,73041741.0,74997363.0,77042015.0,79086667.0,81290962.0,83495250.0,85699538.0,87947568.0,90163520.0,92379615.0,94595755.0,96811935.0,99104883.0,101371801.0,103687455.0,106094052.0,108534570.0,110866201.0,113197832.0,115463974.0,117678434.0,119909058.0,122497507.0,125025080.0,127490246.0,129779687.0,131869822.0,133870389.0,135699819.0,137443461.0,139131173.0,140841626.0,142478150.0,143986343.0,145473603.0,147007001.0,148495378.0,149953949.0,151460687.0,152967406.0,154474166.0,156002244.0,157505122.0,158956452.0,160258296.0,161425483.0,162507118.0,163579218.0,164570558.0,165387819.0,166100722.0,166715088.0,167279447.0,167787087.0,168230806.0,168689347.0,169161451.0,169638500.0,170096680.0,170563348.0,171039994.0,2024-07-17 08:47:20+00:00
MaziyarPanahi/Mistral-Small-Instruct-2409-GGUF,0.0,0.0,0.0,0.0,0.0,0.0,0.0,0.0,0.0,0.0,0.0,0.0,0.0,0.0,0.0,0.0,0.0,0.0,0.0,0.0,0.0,0.0,0.0,0.0,0.0,0.0,0.0,0.0,0.0,0.0,0.0,0.0,0.0,0.0,0.0,0.0,0.0,0.0,0.0,0.0,0.0,0.0,0.0,0.0,0.0,0.0,0.0,0.0,0.0,0.0,0.0,0.0,0.0,0.0,0.0,0.0,0.0,0.0,0.0,0.0,0.0,0.0,0.0,0.0,0.0,0.0,0.0,0.0,0.0,0.0,0.0,0.0,0.0,0.0,0.0,0.0,0.0,0.0,35.0,146.0,257.0,389.0,537.0,687.0,853.0,1031.0,1209.0,1387.0,1601.0,1832.0,2076.0,2345.0,2723.0,3208.0,3798.0,4465.0,5205.0,6020.0,6920.0,7877.0,8885.0,8885.0,9967.0,11071.0,12176.0,13373.0,14585.0,15831.0,17068.0,18226.0,19356.0,20486.0,21638.0,22786.0,23921.0,25051.0,26173.0,27279.0,28373.0,29468.0,30547.0,31602.0,32580.0,33438.0,34188.0,34938.0,35549.0,36075.0,36518.0,36899.0,37234.0,37509.0,37767.0,38001.0,38249.0,38420.0,38582.0,38712.0,38821.0,38929.0,39048.0,39153.0,39240.0,39328.0,39415.0,39502.0,39589.0,39688.0,39786.0,39881.0,39983.0,40087.0,40199.0,40315.0,40432.0,40549.0,40665.0,40786.0,40909.0,41032.0,41155.0,41280.0,41407.0,41536.0,41649.0,41755.0,41860.0,41963.0,42066.0,42171.0,42272.0,42360.0,42447.0,42534.0,42621.0,42704.0,42787.0,42870.0,42958.0,43055.0,43177.0,43306.0,43427.0,43551.0,43728.0,43959.0,44209.0,44458.0,44724.0,44990.0,45280.0,45572.0,45862.0,81781.0,144511.0,245353.0,346237.0,447178.0,578102.0,738953.0,899852.0,1060806.0,1245623.0,1441078.0,1636584.0,1832139.0,2062165.0,2312238.0,2562394.0,2842697.0,3123006.0,3403333.0,3703669.0,4004817.0,4306424.0,4608254.0,4910564.0,5224072.0,5577874.0,5953833.0,6335607.0,6730466.0,7125416.0,7506068.0,7876905.0,8231816.0,8599511.0,8982350.0,9387361.0,9804172.0,10246687.0,10712863.0,2024-09-17 19:35:09+00:00
Kuugo/DISC-LawLLM-gguf,0.0,0.0,0.0,0.0,0.0,0.0,0.0,0.0,0.0,0.0,0.0,0.0,0.0,0.0,0.0,0.0,0.0,0.0,0.0,0.0,0.0,0.0,0.0,0.0,0.0,0.0,0.0,0.0,0.0,0.0,0.0,0.0,0.0,0.0,0.0,0.0,0.0,0.0,0.0,0.0,0.0,0.0,0.0,0.0,0.0,0.0,0.0,0.0,0.0,0.0,0.0,0.0,0.0,0.0,0.0,0.0,0.0,0.0,0.0,0.0,0.0,0.0,0.0,0.0,0.0,0.0,0.0,0.0,0.0,0.0,0.0,0.0,0.0,0.0,0.0,0.0,0.0,0.0,0.0,0.0,0.0,0.0,0.0,0.0,0.0,0.0,0.0,0.0,0.0,0.0,0.0,0.0,0.0,0.0,0.0,0.0,0.0,0.0,0.0,0.0,0.0,0.0,0.0,0.0,0.0,0.0,0.0,0.0,0.0,0.0,0.0,0.0,0.0,0.0,0.0,0.0,0.0,0.0,0.0,0.0,0.0,0.0,0.0,0.0,0.0,0.0,0.0,0.0,0.0,0.0,0.0,0.0,0.0,0.0,0.0,0.0,0.0,0.0,0.0,0.0,0.0,0.0,0.0,0.0,0.0,0.0,0.0,0.0,0.0,0.0,0.0,0.0,0.0,0.0,0.0,0.0,0.0,0.0,0.0,0.0,0.0,0.0,0.0,0.0,0.0,0.0,0.0,0.0,0.0,0.0,0.0,0.0,0.0,0.0,0.0,0.0,0.0,0.0,0.0,0.0,0.0,0.0,0.0,0.0,0.0,0.0,0.0,0.0,0.0,0.0,0.0,0.0,0.0,0.0,0.0,0.0,0.0,0.0,0.0,0.0,0.0,0.0,0.0,0.0,0.0,0.0,0.0,0.0,0.0,0.0,0.0,0.0,0.0,0.0,0.0,0.0,0.0,8.0,171.0,444.0,824.0,1204.0,1584.0,1966.0,2349.0,2734.0,3121.0,3512.0,453738.0,903966.0,1354302.0,1805487.0,2025-02-03 15:48:48+00:00
mlc-ai/Llama-3.2-1B-Instruct-q4f16_1-MLC,0.0,0.0,0.0,0.0,0.0,0.0,0.0,0.0,0.0,0.0,0.0,0.0,0.0,0.0,0.0,0.0,0.0,0.0,0.0,0.0,0.0,0.0,0.0,0.0,0.0,0.0,0.0,0.0,0.0,0.0,0.0,0.0,0.0,0.0,0.0,0.0,0.0,0.0,0.0,0.0,0.0,0.0,0.0,0.0,0.0,0.0,0.0,0.0,0.0,0.0,0.0,0.0,0.0,0.0,0.0,0.0,0.0,0.0,0.0,0.0,0.0,0.0,0.0,0.0,0.0,0.0,0.0,0.0,0.0,0.0,0.0,0.0,0.0,0.0,0.0,0.0,0.0,0.0,0.0,0.0,0.0,0.0,0.0,0.0,0.0,0.0,0.0,0.0,934.0,2402.0,3990.0,5720.0,7548.0,9444.0,11384.0,13367.0,15386.0,17429.0,19491.0,21573.0,23705.0,23705.0,26227.0,28862.0,31865.0,35008.0,46182.0,62135.0,81656.0,101297.0,124987.0,148677.0,180230.0,215264.0,250400.0,288821.0,330977.0,374206.0,420171.0,469099.0,521514.0,577140.0,636138.0,696528.0,760543.0,824558.0,895566.0,970605.0,1051299.0,1136753.0,1225756.0,1314767.0,1404007.0,1497658.0,1596297.0,1697132.0,1795514.0,1888440.0,1976911.0,2065139.0,2151620.0,2238450.0,2324176.0,2409633.0,2496313.0,2584414.0,2672423.0,2761453.0,2852168.0,2943283.0,3034519.0,3126276.0,3218482.0,3313012.0,3408192.0,3503464.0,3595387.0,3684428.0,3771285.0,3857265.0,3943245.0,4031608.0,4123742.0,4215869.0,4306828.0,4398008.0,4491056.0,4586993.0,4687000.0,4790237.0,4894186.0,4995690.0,5096520.0,5196649.0,5296778.0,5397674.0,5498889.0,5600104.0,5696441.0,5793174.0,5889898.0,5986284.0,6083803.0,6182899.0,6290513.0,6418596.0,6558033.0,6706921.0,6859314.0,7011707.0,7160078.0,7306135.0,7456855.0,7631374.0,7809454.0,7989864.0,8173347.0,8360095.0,8551053.0,8748545.0,8956105.0,9211050.0,9520812.0,9842366.0,10165760.0,10492732.0,10821406.0,11153840.0,11490900.0,11830148.0,12231196.0,12666084.0,13116382.0,13575345.0,14042945.0,14494774.0,14948093.0,15399496.0,15863334.0,16340811.0,16828231.0,17325381.0,17826992.0,18325741.0,18822494.0,19318659.0,19815258.0,20313774.0,20812289.0,21306778.0,21797575.0,22245575.0,2024-09-25 19:09:00+00:00
nejumi/phi-4-GPTQ-Int8-calib-ja-1k,0.0,0.0,0.0,0.0,0.0,0.0,0.0,0.0,0.0,0.0,0.0,0.0,0.0,0.0,0.0,0.0,0.0,0.0,0.0,0.0,0.0,0.0,0.0,0.0,0.0,0.0,0.0,0.0,0.0,0.0,0.0,0.0,0.0,0.0,0.0,0.0,0.0,0.0,0.0,0.0,0.0,0.0,0.0,0.0,0.0,0.0,0.0,0.0,0.0,0.0,0.0,0.0,0.0,0.0,0.0,0.0,0.0,0.0,0.0,0.0,0.0,0.0,0.0,0.0,0.0,0.0,0.0,0.0,0.0,0.0,0.0,0.0,0.0,0.0,0.0,0.0,0.0,0.0,0.0,0.0,0.0,0.0,0.0,0.0,0.0,0.0,0.0,0.0,0.0,0.0,0.0,0.0,0.0,0.0,0.0,0.0,0.0,0.0,0.0,0.0,0.0,0.0,0.0,0.0,0.0,0.0,0.0,0.0,0.0,0.0,0.0,0.0,0.0,0.0,0.0,0.0,0.0,0.0,0.0,0.0,0.0,0.0,0.0,0.0,0.0,0.0,0.0,0.0,0.0,0.0,0.0,0.0,0.0,0.0,0.0,0.0,0.0,0.0,0.0,0.0,0.0,0.0,0.0,0.0,0.0,0.0,0.0,0.0,0.0,0.0,0.0,0.0,0.0,0.0,0.0,0.0,0.0,0.0,0.0,0.0,0.0,0.0,0.0,0.0,0.0,0.0,0.0,0.0,0.0,0.0,0.0,0.0,0.0,0.0,0.0,0.0,0.0,0.0,0.0,0.0,0.0,0.0,0.0,0.0,0.0,0.0,0.0,0.0,0.0,0.0,0.0,0.0,0.0,41.0,90.0,140.0,190.0,240.0,297.0,366.0,3522.0,30925.0,82237.0,158028.0,257714.0,381137.0,528788.0,699487.0,894541.0,1113823.0,1357374.0,1625024.0,1914689.0,2223145.0,2551301.0,2903304.0,3279279.0,3679000.0,4102313.0,4547084.0,5013367.0,5480644.0,5947921.0,6415165.0,6882404.0,7349650.0,7816909.0,8284183.0,8751450.0,9218705.0,9685950.0,10131153.0,2025-01-10 10:33:19+00:00
mlx-community/DeepSeek-R1-Distill-Qwen-32B-4bit,0.0,0.0,0.0,0.0,0.0,0.0,0.0,0.0,0.0,0.0,0.0,0.0,0.0,0.0,0.0,0.0,0.0,0.0,0.0,0.0,0.0,0.0,0.0,0.0,0.0,0.0,0.0,0.0,0.0,0.0,0.0,0.0,0.0,0.0,0.0,0.0,0.0,0.0,0.0,0.0,0.0,0.0,0.0,0.0,0.0,0.0,0.0,0.0,0.0,0.0,0.0,0.0,0.0,0.0,0.0,0.0,0.0,0.0,0.0,0.0,0.0,0.0,0.0,0.0,0.0,0.0,0.0,0.0,0.0,0.0,0.0,0.0,0.0,0.0,0.0,0.0,0.0,0.0,0.0,0.0,0.0,0.0,0.0,0.0,0.0,0.0,0.0,0.0,0.0,0.0,0.0,0.0,0.0,0.0,0.0,0.0,0.0,0.0,0.0,0.0,0.0,0.0,0.0,0.0,0.0,0.0,0.0,0.0,0.0,0.0,0.0,0.0,0.0,0.0,0.0,0.0,0.0,0.0,0.0,0.0,0.0,0.0,0.0,0.0,0.0,0.0,0.0,0.0,0.0,0.0,0.0,0.0,0.0,0.0,0.0,0.0,0.0,0.0,0.0,0.0,0.0,0.0,0.0,0.0,0.0,0.0,0.0,0.0,0.0,0.0,0.0,0.0,0.0,0.0,0.0,0.0,0.0,0.0,0.0,0.0,0.0,0.0,0.0,0.0,0.0,0.0,0.0,0.0,0.0,0.0,0.0,0.0,0.0,0.0,0.0,0.0,0.0,0.0,0.0,0.0,0.0,0.0,0.0,0.0,0.0,0.0,0.0,0.0,0.0,0.0,0.0,0.0,0.0,0.0,0.0,0.0,0.0,0.0,0.0,0.0,0.0,0.0,0.0,0.0,209.0,589.0,1121.0,6449.0,23053.0,59116.0,117577.0,197122.0,287751.0,387798.0,497622.0,618704.0,751171.0,895275.0,1051170.0,1218643.0,1399291.0,1595882.0,1851382.0,2168409.0,2519713.0,2889091.0,3275072.0,3672821.0,4082412.0,4503807.0,4936678.0,5381065.0,2025-01-21 05:31:02+00:00
unsloth/Llama-3.3-70B-Instruct,0.0,0.0,0.0,0.0,0.0,0.0,0.0,0.0,0.0,0.0,0.0,0.0,0.0,0.0,0.0,0.0,0.0,0.0,0.0,0.0,0.0,0.0,0.0,0.0,0.0,0.0,0.0,0.0,0.0,0.0,0.0,0.0,0.0,0.0,0.0,0.0,0.0,0.0,0.0,0.0,0.0,0.0,0.0,0.0,0.0,0.0,0.0,0.0,0.0,0.0,0.0,0.0,0.0,0.0,0.0,0.0,0.0,0.0,0.0,0.0,0.0,0.0,0.0,0.0,0.0,0.0,0.0,0.0,0.0,0.0,0.0,0.0,0.0,0.0,0.0,0.0,0.0,0.0,0.0,0.0,0.0,0.0,0.0,0.0,0.0,0.0,0.0,0.0,0.0,0.0,0.0,0.0,0.0,0.0,0.0,0.0,0.0,0.0,0.0,0.0,0.0,0.0,0.0,0.0,0.0,0.0,0.0,0.0,0.0,0.0,0.0,0.0,0.0,0.0,0.0,0.0,0.0,0.0,0.0,0.0,0.0,0.0,0.0,0.0,0.0,0.0,0.0,0.0,0.0,0.0,0.0,0.0,0.0,0.0,0.0,0.0,0.0,0.0,0.0,0.0,0.0,0.0,0.0,0.0,0.0,0.0,0.0,0.0,0.0,0.0,0.0,0.0,0.0,0.0,0.0,0.0,0.0,0.0,1018.0,14137.0,27256.0,66137.0,129118.0,253788.0,415021.0,618160.0,843566.0,1103716.0,1371546.0,1647110.0,1926249.0,2206960.0,2491262.0,2775669.0,3060076.0,3345826.0,3644558.0,3943290.0,4249724.0,4589954.0,4956751.0,5330742.0,5715640.0,6107640.0,6518738.0,6938588.0,7368002.0,7804456.0,8252391.0,8700326.0,9130796.0,9550982.0,9959702.0,10361187.0,10717227.0,11040953.0,11341255.0,11620905.0,11908823.0,12195476.0,12480715.0,12764534.0,13048838.0,13344664.0,13652456.0,13975102.0,14319341.0,14665523.0,15041480.0,15412498.0,15789725.0,16175452.0,16571402.0,16969251.0,17363099.0,17755461.0,18148816.0,18552542.0,18952457.0,19354110.0,19754337.0,20154654.0,20554918.0,20958041.0,21374085.0,21806547.0,22243191.0,22673490.0,23097745.0,23524893.0,23959214.0,24402746.0,2024-12-06 21:26:55+00:00
mlx-community/DeepSeek-V2.5-MLX-AQ4_1_64,0.0,0.0,0.0,0.0,0.0,0.0,0.0,0.0,0.0,0.0,0.0,0.0,0.0,0.0,0.0,0.0,0.0,0.0,0.0,0.0,0.0,0.0,0.0,0.0,0.0,0.0,0.0,0.0,0.0,0.0,0.0,0.0,0.0,0.0,0.0,0.0,0.0,0.0,0.0,0.0,0.0,0.0,0.0,0.0,0.0,0.0,0.0,0.0,0.0,0.0,0.0,0.0,0.0,0.0,0.0,0.0,0.0,0.0,0.0,0.0,0.0,0.0,0.0,0.0,0.0,0.0,0.0,0.0,2.0,16.0,36.0,69.0,103.0,137.0,171.0,206.0,241.0,276.0,317.0,360.0,403.0,447.0,495.0,543.0,591.0,640.0,689.0,738.0,787.0,837.0,888.0,945.0,1002.0,1065.0,1141.0,1217.0,1293.0,1369.0,1443.0,1507.0,1563.0,1611.0,1654.0,1700.0,1747.0,1793.0,1839.0,1889.0,1933.0,1990.0,2048.0,2106.0,2160.0,2214.0,2268.0,2321.0,2374.0,2430.0,2486.0,2541.0,2595.0,2650.0,2701.0,2746.0,2785.0,2824.0,2859.0,2894.0,2929.0,2964.0,3002.0,3043.0,3105.0,3169.0,3243.0,3323.0,3415.0,3505.0,3604.0,3698.0,3793.0,3893.0,4001.0,4113.0,4347.0,4586.0,4835.0,5183.0,5567.0,6006.0,6448.0,6894.0,7346.0,7803.0,8261.0,8720.0,9182.0,9646.0,10951.0,13241.0,15531.0,18120.0,20817.0,23587.0,26374.0,29157.0,31934.0,34707.0,38188.0,42885.0,48192.0,53498.0,58799.0,64091.0,69383.0,74548.0,79707.0,84866.0,93936.0,103438.0,118406.0,143720.0,175545.0,212736.0,253465.0,298157.0,348452.0,403903.0,459836.0,515769.0,569959.0,629894.0,716988.0,848572.0,1046743.0,1302328.0,1641878.0,2042171.0,2488022.0,2955397.0,3438179.0,3938954.0,4458059.0,5002012.0,5570917.0,6161840.0,6768735.0,7384453.0,8001212.0,8631662.0,9275648.0,9928209.0,10586834.0,11255296.0,11939057.0,12639992.0,13360046.0,14095888.0,14852282.0,15621841.0,16405882.0,17197624.0,17981755.0,18749900.0,19466950.0,20134173.0,20726768.0,21267347.0,21766125.0,22236119.0,22691896.0,23130334.0,2024-09-07 14:57:14+00:00
unsloth/Llama-3.2-1B-Instruct-GGUF,0.0,0.0,0.0,0.0,0.0,0.0,0.0,0.0,0.0,0.0,0.0,0.0,0.0,0.0,0.0,0.0,0.0,0.0,0.0,0.0,0.0,0.0,0.0,0.0,0.0,0.0,0.0,0.0,0.0,0.0,0.0,0.0,0.0,0.0,0.0,0.0,0.0,0.0,0.0,0.0,0.0,0.0,0.0,0.0,0.0,0.0,0.0,0.0,0.0,0.0,0.0,0.0,0.0,0.0,0.0,0.0,0.0,0.0,0.0,0.0,0.0,0.0,0.0,0.0,0.0,0.0,0.0,0.0,0.0,0.0,0.0,0.0,0.0,0.0,0.0,0.0,0.0,0.0,0.0,0.0,0.0,0.0,0.0,0.0,0.0,0.0,0.0,0.0,968.0,2285.0,4080.0,13915.0,32174.0,59527.0,95834.0,141488.0,196360.0,260635.0,334699.0,412087.0,491438.0,571669.0,652727.0,734578.0,817027.0,901477.0,986607.0,1073519.0,1161169.0,1249168.0,1337784.0,1426400.0,1515619.0,1605104.0,1694961.0,1785128.0,1875443.0,1965247.0,2055053.0,2145019.0,2234783.0,2319154.0,2395066.0,2462339.0,2520689.0,2579039.0,2619408.0,2650687.0,2672199.0,2688779.0,2703591.0,2724896.0,2753673.0,2789917.0,2825821.0,2860151.0,2893763.0,2925811.0,2957530.0,2988847.0,3019658.0,3050355.0,3080850.0,3111224.0,3141585.0,3171733.0,3201788.0,3231803.0,3261985.0,3291952.0,3324348.0,3365168.0,3414980.0,3473268.0,3540102.0,3615660.0,3700134.0,3793238.0,3894870.0,4004897.0,4114924.0,4238952.0,4364571.0,4491162.0,4624043.0,4765657.0,4915898.0,5074548.0,5241836.0,5416339.0,5596676.0,5780984.0,5970558.0,6167561.0,6364564.0,6580730.0,6814163.0,7047596.0,7305957.0,7585518.0,7891098.0,8213887.0,8553360.0,8906894.0,9261901.0,9625709.0,9998280.0,10379120.0,10767180.0,11155240.0,11532628.0,11907812.0,12296969.0,12739645.0,13190949.0,13651637.0,14120848.0,14599190.0,15086386.0,15582323.0,16090437.0,16611401.0,17145053.0,17690779.0,18244331.0,18812987.0,19385684.0,19957976.0,20540044.0,21120699.0,21693389.0,22258196.0,22813755.0,23360059.0,23908731.0,24460411.0,25012012.0,25564226.0,26108921.0,26650097.0,27183550.0,27706359.0,28213354.0,28707456.0,29192914.0,29669064.0,30136454.0,30594943.0,31044605.0,31485454.0,31917515.0,32341262.0,2024-09-25 19:32:39+00:00
unslothai/vram-48,0.0,0.0,0.0,0.0,0.0,0.0,30.0,472.0,1370.0,3265.0,6334.0,10484.0,15372.0,22064.0,30939.0,41643.0,54557.0,69182.0,86323.0,105483.0,126383.0,149376.0,172369.0,201739.0,233814.0,267864.0,303022.0,339298.0,378223.0,423523.0,472875.0,525572.0,580142.0,635996.0,693406.0,754882.0,819351.0,886266.0,957187.0,1029862.0,1103463.0,1177659.0,1255180.0,1334378.0,1414568.0,1495231.0,1574770.0,1653950.0,1732944.0,1813397.0,1896750.0,1985395.0,2076642.0,2168393.0,2259961.0,2351073.0,2446399.0,2547652.0,2650123.0,2754322.0,2857163.0,2957716.0,3057790.0,3159992.0,3265391.0,3370572.0,3476757.0,3583054.0,3685636.0,3787615.0,3892367.0,4000034.0,4107943.0,4216722.0,4325669.0,4435538.0,4546870.0,4662719.0,4782385.0,4901721.0,5018514.0,5129148.0,5239782.0,5342433.0,5444240.0,5548165.0,5652090.0,5752606.0,5853122.0,5950197.0,6047576.0,6170815.0,6310192.0,6482616.0,6655144.0,6826455.0,6996483.0,7165160.0,7337175.0,7511768.0,7695200.0,7695200.0,7876386.0,8055040.0,8231825.0,8409485.0,8589498.0,8768186.0,8944500.0,9121403.0,9297692.0,9473981.0,9657014.0,9844220.0,10035522.0,10228839.0,10421976.0,10613127.0,10806139.0,11000779.0,11197785.0,11373867.0,11531963.0,11656585.0,11779824.0,11903063.0,12030887.0,12185215.0,12371593.0,12592385.0,12812772.0,13029640.0,13247304.0,13467525.0,13690244.0,13918882.0,14152681.0,14385205.0,14615868.0,14845807.0,15083421.0,15393635.0,15723099.0,16082166.0,16447076.0,16818669.0,17192060.0,17569390.0,17953731.0,18350560.0,18753884.0,19188673.0,19637869.0,20090410.0,20566826.0,21046836.0,21526861.0,22001154.0,22480281.0,22927815.0,23375349.0,23817234.0,24264704.0,24721237.0,25187077.0,25654816.0,26111638.0,26571740.0,27042045.0,27526934.0,28017230.0,28484919.0,28884403.0,29252621.0,29620839.0,30006126.0,30436824.0,30863932.0,31345073.0,31837684.0,32326674.0,32781881.0,33222783.0,33661399.0,34075542.0,34486220.0,34895892.0,35301566.0,35670131.0,36038696.0,36392088.0,36733069.0,37071758.0,37425484.0,37766934.0,38104928.0,38454399.0,38808307.0,39158578.0,39497573.0,39856437.0,40212095.0,40567812.0,40935399.0,41334247.0,41737429.0,42080890.0,42448553.0,42807349.0,43117016.0,43430858.0,43749214.0,44067951.0,44391892.0,44719716.0,45047590.0,45373751.0,45707253.0,46049339.0,46396442.0,46750453.0,47115722.0,47484088.0,47849712.0,48241061.0,48640447.0,49048028.0,49466755.0,49894160.0,50321787.0,50725860.0,51141435.0,2024-07-07 17:03:38+00:00
